1.3320858e-14,-1.1110593e-14,7.1054274e-15,0.0,2.8483594e-35,2.7681452e-18,1.3320858e-14,-1.1110593e-14,7.1054274e-15,0.0,2.8483594e-35,2.7681452e-18,1.77445257856e-28,1.23445276812e-28,5.04870985367e-29,0.0,8.11315127157e-70,7.66262784828e-36,1.77445257856e-28,1.23445276812e-28,5.04870985367e-29,0.0,8.11315127157e-70,7.66262784828e-36
0.0013943128,0.039791196,-0.00061793504,-0.00030465613,-5.038878e-05,3.28435e-05,0.0013943128,0.039791196,-0.00061793504,-0.00030465613,-5.038878e-05,3.28435e-05,1.94410818424e-06,0.00158333927911,3.8184371366e-07,9.28153575466e-08,2.53902914989e-09,1.07869549225e-09,1.94410818424e-06,0.00158333927911,3.8184371366e-07,9.28153575466e-08,2.53902914989e-09,1.07869549225e-09
0.0047984106,0.030802627,-0.00091494797,-0.00035867501,-5.4191489e-05,0.00011606332,0.0047984106,0.030802627,-0.00091494797,-0.00035867501,-5.4191489e-05,0.00011606332,2.30247442862e-05,0.000948801830101,8.37129787807e-07,1.28647762799e-07,2.93671748004e-09,1.34706942494e-08,2.30247442862e-05,0.000948801830101,8.37129787807e-07,1.28647762799e-07,2.93671748004e-09,1.34706942494e-08
0.0031249711,0.057452994,0.0028728963,-4.2270602e-05,1.4858952e-05,-5.4702188e-06,0.0031249711,0.057452994,0.0028728963,-4.2270602e-05,1.4858952e-05,-5.4702188e-06,9.76544437584e-06,0.00330084651956,8.25353315055e-06,1.78680379344e-09,2.20788454538e-10,2.99232937199e-11,9.76544437584e-06,0.00330084651956,8.25353315055e-06,1.78680379344e-09,2.20788454538e-10,2.99232937199e-11
0.00055580328,0.057245297,-0.018485447,3.5651342e-05,8.939434e-05,-0.00012476595,0.00055580328,0.057245297,-0.018485447,3.5651342e-05,8.939434e-05,-0.00012476595,3.08917286059e-07,0.00327702402862,0.00034171175079,1.2710181864e-09,7.99134802404e-09,1.55665422794e-08,3.08917286059e-07,0.00327702402862,0.00034171175079,1.2710181864e-09,7.99134802404e-09,1.55665422794e-08
0.0025436006,0.089590594,-0.020545124,-0.00011959196,0.00010714761,-0.00013476637,0.0025436006,0.089590594,-0.020545124,-0.00011959196,0.00010714761,-0.00013476637,6.46990401232e-06,0.00802647453327,0.000422102120175,1.43022368966e-08,1.14806103287e-08,1.8161974483e-08,6.46990401232e-06,0.00802647453327,0.000422102120175,1.43022368966e-08,1.14806103287e-08,1.8161974483e-08
0.0037142003,0.046419784,-0.01318044,-9.4687184e-05,0.00017447979,-8.6550958e-05,0.0037142003,0.046419784,-0.01318044,-9.4687184e-05,0.00017447979,-8.6550958e-05,1.37952838685e-05,0.00215479634661,0.000173723998594,8.96566281385e-09,3.04431971184e-08,7.49106833072e-09,1.37952838685e-05,0.00215479634661,0.000173723998594,8.96566281385e-09,3.04431971184e-08,7.49106833072e-09
0.0039688223,0.061605787,-0.023977274,0.00013680634,7.0185171e-05,-0.00023834846,0.0039688223,0.061605787,-0.023977274,0.00013680634,7.0185171e-05,-0.00023834846,1.5751550449e-05,0.00379527299189,0.000574909668471,1.87159746642e-08,4.9259582283e-09,5.68099883844e-08,1.5751550449e-05,0.00379527299189,0.000574909668471,1.87159746642e-08,4.9259582283e-09,5.68099883844e-08
0.0015710277,0.089350213,-0.036929338,0.00021961646,0.00026540788,-0.00015933176,0.0015710277,0.089350213,-0.036929338,0.00021961646,0.00026540788,-0.00015933176,2.46812803417e-06,0.00798346056315,0.00136377600512,4.82313895029e-08,7.04413427661e-08,2.53866097447e-08,2.46812803417e-06,0.00798346056315,0.00136377600512,4.82313895029e-08,7.04413427661e-08,2.53866097447e-08
0.0018850258,0.079097672,-0.014961784,-0.00052274355,6.7487742e-05,-1.6621335e-06,0.0018850258,0.079097672,-0.014961784,-0.00052274355,6.7487742e-05,-1.6621335e-06,3.55332226667e-06,0.00625644171582,0.000223854980463,2.73260819067e-07,4.55459532026e-09,2.76268777182e-12,3.55332226667e-06,0.00625644171582,0.000223854980463,2.73260819067e-07,4.55459532026e-09,2.76268777182e-12
0.0041682841,0.079345071,-0.011136137,-4.2111328e-06,0.00015082613,-0.00017467005,0.0041682841,0.079345071,-0.011136137,-4.2111328e-06,0.00015082613,-0.00017467005,1.73745923383e-05,0.006295640292,0.000124013547283,1.77336394592e-11,2.27485214908e-08,3.0509626367e-08,1.73745923383e-05,0.006295640292,0.000124013547283,1.77336394592e-11,2.27485214908e-08,3.0509626367e-08
0.020533668,0.13824445,-0.00066861796,-0.00025526459,0.00011783712,-5.9300709e-05,0.020533668,0.13824445,-0.00066861796,-0.00025526459,0.00011783712,-5.9300709e-05,0.000421631521534,0.0191115279558,4.47049976435e-07,6.51600109079e-08,1.38855868499e-08,3.5165740879e-09,0.000421631521534,0.0191115279558,4.47049976435e-07,6.51600109079e-08,1.38855868499e-08,3.5165740879e-09
0.023934894,0.12128827,-0.0010378067,-0.00046353726,0.00019158631,-5.9432614e-05,0.023934894,0.12128827,-0.0010378067,-0.00046353726,0.00019158631,-5.9432614e-05,0.000572879150791,0.0147108444396,1.07704274656e-06,2.14866791408e-07,3.67053141794e-08,3.53223560687e-09,0.000572879150791,0.0147108444396,1.07704274656e-06,2.14866791408e-07,3.67053141794e-08,3.53223560687e-09
0.01653906,0.12200447,-0.00071279886,0.00010253234,0.00012238675,-3.4711047e-05,0.01653906,0.12200447,-0.00071279886,0.00010253234,0.00012238675,-3.4711047e-05,0.000273540505684,0.0148850907,5.08082214817e-07,1.05128807459e-08,1.49785165756e-08,1.20485678384e-09,0.000273540505684,0.0148850907,5.08082214817e-07,1.05128807459e-08,1.49785165756e-08,1.20485678384e-09
0.0089097377,0.12106972,-0.025010659,0.00040102852,7.6144022e-05,-0.00012521821,0.0089097377,0.12106972,-0.025010659,0.00040102852,7.6144022e-05,-0.00012521821,7.93834258828e-05,0.0146578771009,0.000625533063614,1.60823873853e-07,5.79791208634e-09,1.56796001156e-08,7.93834258828e-05,0.0146578771009,0.000625533063614,1.60823873853e-07,5.79791208634e-09,1.56796001156e-08
0.012011244,0.20354549,-0.0018455364,0.00012880651,-1.5338495e-05,0.00010668217,0.012011244,0.20354549,-0.0018455364,0.00012880651,-1.5338495e-05,0.00010668217,0.000144269982428,0.0414307664993,3.40600460372e-06,1.65911170184e-08,2.35269428865e-10,1.13810853959e-08,0.000144269982428,0.0414307664993,3.40600460372e-06,1.65911170184e-08,2.35269428865e-10,1.13810853959e-08
0.0061908122,0.095260898,-0.024149969,0.0003487608,0.00012897493,1.6756256e-05,0.0061908122,0.095260898,-0.024149969,0.0003487608,0.00012897493,1.6756256e-05,3.83261556957e-05,0.00907463868777,0.000583221002701,1.21634095617e-07,1.66345325685e-08,2.80772115138e-10,3.83261556957e-05,0.00907463868777,0.000583221002701,1.21634095617e-07,1.66345325685e-08,2.80772115138e-10
0.005341055,0.19097151,-0.0076903679,-0.00069635175,-1.0067049e-06,0.00025330029,0.005341055,0.19097151,-0.0076903679,-0.00069635175,-1.0067049e-06,0.00025330029,2.8526868513e-05,0.0364701176317,5.91417584374e-05,4.84905759728e-07,1.01345475568e-12,6.41610369141e-08,2.8526868513e-05,0.0364701176317,5.91417584374e-05,4.84905759728e-07,1.01345475568e-12,6.41610369141e-08
0.012397214,0.14971847,-0.032493382,-0.00018717929,9.8785768e-05,0.00022008731,0.012397214,0.14971847,-0.032493382,-0.00018717929,9.8785768e-05,0.00022008731,0.000153690914962,0.0224156202591,0.0010558198738,3.50360866049e-08,9.75862795935e-09,4.8438424023e-08,0.000153690914962,0.0224156202591,0.0010558198738,3.50360866049e-08,9.75862795935e-09,4.8438424023e-08
0.014374418,0.12614285,-0.020311564,-0.00038336845,0.00017031516,-6.4425722e-05,0.014374418,0.12614285,-0.020311564,-0.00038336845,0.00017031516,-6.4425722e-05,0.000206623892839,0.0159120186061,0.000412559632126,1.46971368455e-07,2.90072537258e-08,4.15067365522e-09,0.000206623892839,0.0159120186061,0.000412559632126,1.46971368455e-07,2.90072537258e-08,4.15067365522e-09
0.020879636,0.14582554,0.0064534427,-0.00059660202,3.0591575e-05,3.4937142e-05,0.020879636,0.14582554,0.0064534427,-0.00059660202,3.0591575e-05,3.4937142e-05,0.000435959199492,0.0212650881163,4.16469226822e-05,3.55933970268e-07,9.35844460981e-10,1.22060389113e-09,0.000435959199492,0.0212650881163,4.16469226822e-05,3.55933970268e-07,9.35844460981e-10,1.22060389113e-09
0.028917059,0.16757084,0.039410226,-0.00020937459,0.00030136215,-0.00014818823,0.028917059,0.16757084,0.039410226,-0.00020937459,0.00030136215,-0.00014818823,0.000836196301209,0.0280799864183,0.00155316591337,4.38377189377e-08,9.08191454526e-08,2.19597515105e-08,0.000836196301209,0.0280799864183,0.00155316591337,4.38377189377e-08,9.08191454526e-08,2.19597515105e-08
0.027085307,0.17405295,0.046188542,-0.00037604672,0.00020594581,-7.3278714e-05,0.027085307,0.17405295,0.046188542,-0.00037604672,0.00020594581,-7.3278714e-05,0.000733613855284,0.0302944294037,0.00213338141209,1.41411135623e-07,4.24136766566e-08,5.36976992549e-09,0.000733613855284,0.0302944294037,0.00213338141209,1.41411135623e-07,4.24136766566e-08,5.36976992549e-09
0.032889964,0.14911208,0.053360176,-0.0010803612,0.0001151211,-4.6105957e-06,0.032889964,0.14911208,0.053360176,-0.0010803612,0.0001151211,-4.6105957e-06,0.00108174973192,0.0222344124019,0.00284730838275,1.16718032247e-06,1.32528676652e-08,2.12575927089e-11,0.00108174973192,0.0222344124019,0.00284730838275,1.16718032247e-06,1.32528676652e-08,2.12575927089e-11
0.042691882,0.1768448,0.079141033,-0.0012915484,-4.5551359e-05,1.3451725e-05,0.042691882,0.1768448,0.079141033,-0.0012915484,-4.5551359e-05,1.3451725e-05,0.0018225967887,0.031274083287,0.00626330310431,1.66809726954e-06,2.07492630675e-09,1.80948905476e-10,0.0018225967887,0.031274083287,0.00626330310431,1.66809726954e-06,2.07492630675e-09,1.80948905476e-10
0.043423185,0.15775398,0.10446386,-0.0012155158,-0.00017284485,-0.00017071267,0.043423185,0.15775398,0.10446386,-0.0012155158,-0.00017284485,-0.00017071267,0.00188557299554,0.0248863182058,0.0109126980461,1.47747866005e-06,2.98753421715e-08,2.91428156985e-08,0.00188557299554,0.0248863182058,0.0109126980461,1.47747866005e-06,2.98753421715e-08,2.91428156985e-08
0.034429879,0.19588668,0.11942422,-0.0014270138,-0.00018584962,-0.00035534486,0.034429879,0.19588668,0.11942422,-0.0014270138,-0.00018584962,-0.00035534486,0.00118541656795,0.0383715914014,0.0142621443226,2.03636838539e-06,3.45400812541e-08,1.26269969528e-07,0.00118541656795,0.0383715914014,0.0142621443226,2.03636838539e-06,3.45400812541e-08,1.26269969528e-07
0.030528223,0.20759921,0.10022315,-0.0011511373,-7.2094527e-05,-0.00042305709,0.030528223,0.20759921,0.10022315,-0.0011511373,-7.2094527e-05,-0.00042305709,0.000931972399538,0.0430974319926,0.0100446797959,1.32511708345e-06,5.19762082335e-09,1.78977301399e-07,0.000931972399538,0.0430974319926,0.0100446797959,1.32511708345e-06,5.19762082335e-09,1.78977301399e-07
0.032303881,0.19586183,0.13233866,-0.0010556023,-0.00024404174,-0.00041987451,0.032303881,0.19586183,0.13233866,-0.0010556023,-0.00024404174,-0.00041987451,0.00104354072766,0.0383618564509,0.0175135209306,1.11429621577e-06,5.95563708622e-08,1.76294604148e-07,0.00104354072766,0.0383618564509,0.0175135209306,1.11429621577e-06,5.95563708622e-08,1.76294604148e-07
0.035053166,0.16392773,0.13242649,-0.00087956567,-0.00022206617,-0.00041129477,0.035053166,0.16392773,0.13242649,-0.00087956567,-0.00022206617,-0.00041129477,0.00122872444662,0.026872300663,0.0175367752537,7.73635767843e-07,4.93133838585e-08,1.69163387829e-07,0.00122872444662,0.026872300663,0.0175367752537,7.73635767843e-07,4.93133838585e-08,1.69163387829e-07
0.044345728,0.1786221,0.12684248,-0.0014990097,-0.00026841158,-0.00030591989,0.044345728,0.1786221,0.12684248,-0.0014990097,-0.00026841158,-0.00030591989,0.00196654359185,0.0319058546084,0.0160890147326,2.24703008069e-06,7.20447762781e-08,9.35869790976e-08,0.00196654359185,0.0319058546084,0.0160890147326,2.24703008069e-06,7.20447762781e-08,9.35869790976e-08
0.042829774,0.19952378,0.10879946,-0.0013673844,-0.00011765575,-0.00038457662,0.042829774,0.19952378,0.10879946,-0.0013673844,-0.00011765575,-0.00038457662,0.00183438954089,0.0398097387855,0.0118373224963,1.86974009736e-06,1.38428755081e-08,1.47899176651e-07,0.00183438954089,0.0398097387855,0.0118373224963,1.86974009736e-06,1.38428755081e-08,1.47899176651e-07
0.042513016,0.22947756,0.099212346,-0.0012162694,-0.00026919223,-0.00036337343,0.042513016,0.22947756,0.099212346,-0.0012162694,-0.00026919223,-0.00036337343,0.00180735652942,0.0526599505436,0.00984308959882,1.47931125338e-06,7.24644566924e-08,1.3204024963e-07,0.00180735652942,0.0526599505436,0.00984308959882,1.47931125338e-06,7.24644566924e-08,1.3204024963e-07
0.044665754,0.22205379,0.10848393,-0.0013661371,-0.00027126158,-0.00053244096,0.044665754,0.22205379,0.10848393,-0.0013661371,-0.00027126158,-0.00053244096,0.00199502958039,0.0493078856534,0.0117687630682,1.866330576e-06,7.35828447841e-08,2.83493375886e-07,0.00199502958039,0.0493078856534,0.0117687630682,1.866330576e-06,7.35828447841e-08,2.83493375886e-07
0.046871131,0.22985498,0.12584498,-0.0019640057,-0.00026838771,-0.00052856564,0.046871131,0.22985498,0.12584498,-0.0019640057,-0.00026838771,-0.00052856564,0.00219690292122,0.0528333118308,0.0158369589912,3.85731838963e-06,7.2031962879e-08,2.79381635789e-07,0.00219690292122,0.0528333118308,0.0158369589912,3.85731838963e-06,7.2031962879e-08,2.79381635789e-07
0.040353156,0.21849568,0.14302454,-0.0016341586,-0.00019234047,-0.0005942529,0.040353156,0.21849568,0.14302454,-0.0016341586,-0.00019234047,-0.0005942529,0.00162837719916,0.0477403621787,0.0204560190422,2.67047432995e-06,3.69948563998e-08,3.53136509158e-07,0.00162837719916,0.0477403621787,0.0204560190422,2.67047432995e-06,3.69948563998e-08,3.53136509158e-07
0.038278492,0.22376952,0.14993086,-0.001517805,-0.00032066864,-0.00051290917,0.038278492,0.22376952,0.14993086,-0.001517805,-0.00032066864,-0.00051290917,0.00146524294979,0.050072798081,0.0224792627803,2.30373201802e-06,1.02828376679e-07,2.6307581667e-07,0.00146524294979,0.050072798081,0.0224792627803,2.30373201802e-06,1.02828376679e-07,2.6307581667e-07
0.049142753,0.24871319,0.11263608,-0.0016160742,-0.00032284872,-0.00041698971,0.049142753,0.24871319,0.11263608,-0.0016160742,-0.00032284872,-0.00041698971,0.00241501017242,0.06185825088,0.0126868865178,2.61169581991e-06,1.04231296006e-07,1.73880418246e-07,0.00241501017242,0.06185825088,0.0126868865178,2.61169581991e-06,1.04231296006e-07,1.73880418246e-07
0.042089411,0.26254014,0.13484321,-0.0016545359,-0.00020106227,-0.00031085836,0.042089411,0.26254014,0.13484321,-0.0016545359,-0.00020106227,-0.00031085836,0.00177151851833,0.0689273251112,0.0181826912831,2.73748904439e-06,4.04260364176e-08,9.66329199819e-08,0.00177151851833,0.0689273251112,0.0181826912831,2.73748904439e-06,4.04260364176e-08,9.66329199819e-08
0.037908321,0.27317189,0.13648674,-0.0018206888,-0.00018708465,-0.00051839421,0.037908321,0.27317189,0.13648674,-0.0018206888,-0.00018708465,-0.00051839421,0.00143704080104,0.0746228814862,0.0186286301958,3.31490770645e-06,3.50006662656e-08,2.68732556962e-07,0.00143704080104,0.0746228814862,0.0186286301958,3.31490770645e-06,3.50006662656e-08,2.68732556962e-07
0.040821882,0.29007249,0.1567452,-0.0024259378,-0.00031409094,-0.00044635081,0.040821882,0.29007249,0.1567452,-0.0024259378,-0.00031409094,-0.00044635081,0.00166642605002,0.0841420494548,0.024569057723,5.88517420947e-06,9.86531185901e-08,1.99229045588e-07,0.00166642605002,0.0841420494548,0.024569057723,5.88517420947e-06,9.86531185901e-08,1.99229045588e-07
0.050756716,0.32620066,0.14518581,-0.002580208,-0.0002363172,-0.00047833133,0.050756716,0.32620066,0.14518581,-0.002580208,-0.0002363172,-0.00047833133,0.0025762442191,0.106406870584,0.0210789194254,6.65747332326e-06,5.58458190158e-08,2.2880086126e-07,0.0025762442191,0.106406870584,0.0210789194254,6.65747332326e-06,5.58458190158e-08,2.2880086126e-07
0.039284264,0.33440232,0.15822213,-0.0028550243,-0.00023893467,-0.00070030324,0.039284264,0.33440232,0.15822213,-0.0028550243,-0.00023893467,-0.00070030324,0.00154325339802,0.111824911621,0.0250342424217,8.15116375359e-06,5.7089776528e-08,4.90424627954e-07,0.00154325339802,0.111824911621,0.0250342424217,8.15116375359e-06,5.7089776528e-08,4.90424627954e-07
0.041009851,0.37153167,0.12826584,-0.0021341948,-0.00035422191,-0.00056066529,0.041009851,0.37153167,0.12826584,-0.0021341948,-0.00035422191,-0.00056066529,0.00168180787904,0.138035781813,0.0164521257109,4.55478744435e-06,1.25473161524e-07,3.14345567411e-07,0.00168180787904,0.138035781813,0.0164521257109,4.55478744435e-06,1.25473161524e-07,3.14345567411e-07
0.038449272,0.38611865,0.12561592,-0.0018180547,-0.00037756238,-0.00034773732,0.038449272,0.38611865,0.12561592,-0.0018180547,-0.00037756238,-0.00034773732,0.00147834651733,0.149087611878,0.0157793593574,3.30532289219e-06,1.42553350791e-07,1.20921243721e-07,0.00147834651733,0.149087611878,0.0157793593574,3.30532289219e-06,1.42553350791e-07,1.20921243721e-07
0.033334335,0.37969782,0.090732671,-0.0012885109,-0.00046013939,-0.00031042881,0.033334335,0.37969782,0.090732671,-0.0012885109,-0.00046013939,-0.00031042881,0.00111117788989,0.144170434513,0.00823241758679,1.66026033942e-06,2.1172825823e-07,9.6366046078e-08,0.00111117788989,0.144170434513,0.00823241758679,1.66026033942e-06,2.1172825823e-07,9.6366046078e-08
0.043661931,0.38107067,0.079217695,-0.00082525141,-0.00041457546,-0.00027424209,0.043661931,0.38107067,0.079217695,-0.00082525141,-0.00041457546,-0.00027424209,0.00190636421865,0.145214855534,0.00627544320111,6.81039889707e-07,1.71872812034e-07,7.52087239276e-08,0.00190636421865,0.145214855534,0.00627544320111,6.81039889707e-07,1.71872812034e-07,7.52087239276e-08
0.057133992,0.3824384,0.13371172,-0.0014102705,-0.00039725056,-0.00044983535,0.057133992,0.3824384,0.13371172,-0.0014102705,-0.00039725056,-0.00044983535,0.00326429304186,0.146259129795,0.0178788240654,1.98886288317e-06,1.5780800742e-07,2.0235184211e-07,0.00326429304186,0.146259129795,0.0178788240654,1.98886288317e-06,1.5780800742e-07,2.0235184211e-07
0.059944423,0.38686809,0.13215019,-0.001430507,-0.00040454567,-0.00062687851,0.059944423,0.38686809,0.13215019,-0.001430507,-0.00040454567,-0.00062687851,0.0035933338488,0.14966691906,0.017463672717,2.04635027705e-06,1.63657199116e-07,3.929766663e-07,0.0035933338488,0.14966691906,0.017463672717,2.04635027705e-06,1.63657199116e-07,3.929766663e-07
0.060237664,0.38261436,0.1503867,-0.0017709366,-0.00030508588,-0.00054699948,0.060237664,0.38261436,0.1503867,-0.0017709366,-0.00030508588,-0.00054699948,0.00362857616418,0.146393748478,0.0226161595369,3.13621644122e-06,9.30773941754e-08,2.9920843112e-07,0.00362857616418,0.146393748478,0.0226161595369,3.13621644122e-06,9.30773941754e-08,2.9920843112e-07
0.067868732,0.40342063,0.14445846,-0.0016847102,-0.00017615406,-0.00032060227,0.067868732,0.40342063,0.14445846,-0.0016847102,-0.00017615406,-0.00032060227,0.00460616478329,0.16274820471,0.0208682466656,2.83824845798e-06,3.10302528545e-08,1.02785815529e-07,0.00460616478329,0.16274820471,0.0208682466656,2.83824845798e-06,3.10302528545e-08,1.02785815529e-07
0.070304199,0.41865371,0.16212278,-0.0018564017,-0.00015041422,-0.00038959647,0.070304199,0.41865371,0.16212278,-0.0018564017,-0.00015041422,-0.00038959647,0.00494268039703,0.175270928897,0.0262837957949,3.44622727176e-06,2.26244375782e-08,1.51785409436e-07,0.00494268039703,0.175270928897,0.0262837957949,3.44622727176e-06,2.26244375782e-08,1.51785409436e-07
0.077844117,0.43453328,0.16797159,-0.0021181804,-0.00021490938,-0.00036722028,0.077844117,0.43453328,0.16797159,-0.0021181804,-0.00021490938,-0.00036722028,0.00605970655151,0.188819171428,0.0282144550471,4.48668820694e-06,4.6186041612e-08,1.34850734043e-07,0.00605970655151,0.188819171428,0.0282144550471,4.48668820694e-06,4.6186041612e-08,1.34850734043e-07
0.074558278,0.43814471,0.16727888,-0.0019825155,-0.00015230531,-0.00049110824,0.074558278,0.43814471,0.16727888,-0.0019825155,-0.00015230531,-0.00049110824,0.00555893681833,0.191970786901,0.0279822236941,3.93036770774e-06,2.31969074542e-08,2.41187303396e-07,0.00555893681833,0.191970786901,0.0279822236941,3.93036770774e-06,2.31969074542e-08,2.41187303396e-07
0.072410512,0.47622557,0.16042959,-0.0018892878,-0.00030066116,-0.00041582354,0.072410512,0.47622557,0.16042959,-0.0018892878,-0.00030066116,-0.00041582354,0.0052432822481,0.226790793522,0.0257376533476,3.56940839123e-06,9.03971331325e-08,1.72909216418e-07,0.0052432822481,0.226790793522,0.0257376533476,3.56940839123e-06,9.03971331325e-08,1.72909216418e-07
0.070713148,0.47800332,0.16557569,-0.0013621071,-0.00020382045,-0.00054232448,0.070713148,0.47800332,0.16557569,-0.0013621071,-0.00020382045,-0.00054232448,0.00500034930007,0.228487173931,0.027415309119,1.85533575187e-06,4.15427758382e-08,2.94115841607e-07,0.00500034930007,0.228487173931,0.027415309119,1.85533575187e-06,4.15427758382e-08,2.94115841607e-07
0.076393569,0.49369604,0.16597185,-0.0015518267,-0.0003297338,-0.00038150646,0.076393569,0.49369604,0.16597185,-0.0015518267,-0.0003297338,-0.00038150646,0.00583597738456,0.243735779912,0.0275466549924,2.40816610683e-06,1.08724378862e-07,1.45547179022e-07,0.00583597738456,0.243735779912,0.0275466549924,2.40816610683e-06,1.08724378862e-07,1.45547179022e-07
0.080498271,0.50583951,0.15903113,-0.001987898,-0.00031215107,-0.000326988,0.080498271,0.50583951,0.15903113,-0.001987898,-0.00031215107,-0.000326988,0.00647997163399,0.255873609877,0.0252909003091,3.9517384584e-06,9.74382905021e-08,1.06921152144e-07,0.00647997163399,0.255873609877,0.0252909003091,3.9517384584e-06,9.74382905021e-08,1.06921152144e-07
0.08034669,0.53970004,0.17626715,-0.0025646659,-0.00030560101,-0.00029131817,0.08034669,0.53970004,0.17626715,-0.0025646659,-0.00030560101,-0.00029131817,0.00645559059396,0.291276133176,0.0310701081691,6.57751117862e-06,9.3391977313e-08,8.48662761721e-08,0.00645559059396,0.291276133176,0.0310701081691,6.57751117862e-06,9.3391977313e-08,8.48662761721e-08
0.072935395,0.51229529,0.18231257,-0.0024099181,-0.0001962582,-0.00051575424,0.072935395,0.51229529,0.18231257,-0.0024099181,-0.0001962582,-0.00051575424,0.00531957184381,0.262446464156,0.03323787318,5.80770524871e-06,3.85172810672e-08,2.66002436078e-07,0.00531957184381,0.262446464156,0.03323787318,5.80770524871e-06,3.85172810672e-08,2.66002436078e-07
0.073631957,0.57129731,0.15208597,-0.001089206,-0.00032352017,-0.00044679722,0.073631957,0.57129731,0.15208597,-0.001089206,-0.00032352017,-0.00044679722,0.00542166509165,0.326380616413,0.0231301422708,1.18636971044e-06,1.04665300397e-07,1.996277558e-07,0.00542166509165,0.326380616413,0.0231301422708,1.18636971044e-06,1.04665300397e-07,1.996277558e-07
0.071096279,0.56673521,0.12226348,-0.00031884555,-0.00030045648,-0.00042925961,0.071096279,0.56673521,0.12226348,-0.00031884555,-0.00030045648,-0.00042925961,0.00505468088765,0.321188798254,0.0149483585417,1.01662484755e-07,9.0274096374e-08,1.84263812777e-07,0.00505468088765,0.321188798254,0.0149483585417,1.01662484755e-07,9.0274096374e-08,1.84263812777e-07
0.060466755,0.56772879,0.14258696,-0.00046144184,-0.00028925376,-0.00062968698,0.060466755,0.56772879,0.14258696,-0.00046144184,-0.00028925376,-0.00062968698,0.00365622846023,0.322315978995,0.020331041162,2.12928571703e-07,8.36677376741e-08,3.96505692782e-07,0.00365622846023,0.322315978995,0.020331041162,2.12928571703e-07,8.36677376741e-08,3.96505692782e-07
0.059923029,0.57367866,0.13651512,-0.00025690638,-0.00018776516,-0.00063201038,0.059923029,0.57367866,0.13651512,-0.00025690638,-0.00018776516,-0.00063201038,0.00359076940453,0.329107204939,0.0186363779886,6.60008880847e-08,3.52557553098e-08,3.99437120428e-07,0.00359076940453,0.329107204939,0.0186363779886,6.60008880847e-08,3.52557553098e-08,3.99437120428e-07
0.061330513,0.5948887,0.17518858,-0.00055370707,-0.00031977931,-0.00044023437,0.061330513,0.5948887,0.17518858,-0.00055370707,-0.00031977931,-0.00044023437,0.00376143182484,0.353892565388,0.0306910385624,3.06591519368e-07,1.02258807104e-07,1.93806300529e-07,0.00376143182484,0.353892565388,0.0306910385624,3.06591519368e-07,1.02258807104e-07,1.93806300529e-07
0.057855089,0.58069317,0.16543308,9.8450724e-05,-0.0002260869,-0.00051196068,0.057855089,0.58069317,0.16543308,9.8450724e-05,-0.0002260869,-0.00051196068,0.0033472113232,0.337204557685,0.0273681039583,9.69254505612e-09,5.11152863516e-08,2.62103737866e-07,0.0033472113232,0.337204557685,0.0273681039583,9.69254505612e-09,5.11152863516e-08,2.62103737866e-07
0.068613413,0.61429971,0.1765775,-0.00067923109,-0.00030706549,-0.00016245768,0.068613413,0.61429971,0.1765775,-0.00067923109,-0.00030706549,-0.00016245768,0.00470780044351,0.377364133706,0.0311796135062,4.61354873623e-07,9.42892151489e-08,2.6392497791e-08,0.00470780044351,0.377364133706,0.0311796135062,4.61354873623e-07,9.42892151489e-08,2.6392497791e-08
0.061760703,0.6197221,0.16274881,-0.00082803755,-0.00027877568,-0.00020343176,0.061760703,0.6197221,0.16274881,-0.00082803755,-0.00027877568,-0.00020343176,0.00381438443505,0.384055481228,0.0264871751564,6.8564618421e-07,7.77158797595e-08,4.13844809767e-08,0.00381438443505,0.384055481228,0.0264871751564,6.8564618421e-07,7.77158797595e-08,4.13844809767e-08
0.068481787,0.62846538,0.16550063,-0.0004278895,-0.00017130479,-0.0001010847,0.068481787,0.62846538,0.16550063,-0.0004278895,-0.00017130479,-0.0001010847,0.00468975515071,0.394968733859,0.0273904585304,1.8308942421e-07,2.93453310769e-08,1.02181165741e-08,0.00468975515071,0.394968733859,0.0273904585304,1.8308942421e-07,2.93453310769e-08,1.02181165741e-08
0.073179807,0.64418488,0.16684823,-0.00057642765,-0.00026939113,-2.6724356e-05,0.073179807,0.64418488,0.16684823,-0.00057642765,-0.00026939113,-2.6724356e-05,0.00535528415256,0.414974159621,0.0278383318541,3.32268835685e-07,7.25715809227e-08,7.14191203615e-10,0.00535528415256,0.414974159621,0.0278383318541,3.32268835685e-07,7.25715809227e-08,7.14191203615e-10
0.086412715,0.67475082,0.17282631,-0.0011161296,-0.00031558704,9.84522e-05,0.086412715,0.67475082,0.17282631,-0.0011161296,-0.00031558704,9.84522e-05,0.00746715731367,0.455288669091,0.0298689334282,1.245745284e-06,9.9595179816e-08,9.69283568484e-09,0.00746715731367,0.455288669091,0.0298689334282,1.245745284e-06,9.9595179816e-08,9.69283568484e-09
0.088216737,0.68680178,0.17458173,-0.00082701062,-0.00020864612,-2.6027799e-05,0.088216737,0.68680178,0.17458173,-0.00082701062,-0.00020864612,-2.6027799e-05,0.00778219268693,0.471696685011,0.0304787804498,6.83946565593e-07,4.35332033911e-08,6.77446320784e-10,0.00778219268693,0.471696685011,0.0304787804498,6.83946565593e-07,4.35332033911e-08,6.77446320784e-10
0.096436954,0.71050288,0.18097571,-0.00084349871,-0.00026809384,0.00015363589,0.096436954,0.71050288,0.18097571,-0.00084349871,-0.00026809384,0.00015363589,0.0093000860968,0.504814342488,0.03275220761,7.11490073772e-07,7.18743070459e-08,2.36039866961e-08,0.0093000860968,0.504814342488,0.03275220761,7.11490073772e-07,7.18743070459e-08,2.36039866961e-08
0.092436666,0.7194833,0.17185134,-0.00082101071,-0.00025899712,0.00015562032,0.092436666,0.7194833,0.17185134,-0.00082101071,-0.00025899712,0.00015562032,0.0085445372212,0.517656218979,0.0295328830598,6.74058585935e-07,6.70795081683e-08,2.42176839969e-08,0.0085445372212,0.517656218979,0.0295328830598,6.74058585935e-07,6.70795081683e-08,2.42176839969e-08
0.09856253,0.75099353,0.19969115,-0.00110343,-0.00023101746,0.00029354838,0.09856253,0.75099353,0.19969115,-0.00110343,-0.00023101746,0.00029354838,0.00971457232,0.563991282102,0.0398765553883,1.2175577649e-06,5.33690668249e-08,8.61706514006e-08,0.00971457232,0.563991282102,0.0398765553883,1.2175577649e-06,5.33690668249e-08,8.61706514006e-08
0.0999457,0.76501993,0.17285446,-0.00056494692,-0.00027719244,0.00030054679,0.0999457,0.76501993,0.17285446,-0.00056494692,-0.00027719244,0.00030054679,0.00998914294849,0.585255493297,0.0298786643419,3.19165022417e-07,7.68356487932e-08,9.03283729793e-08,0.00998914294849,0.585255493297,0.0298786643419,3.19165022417e-07,7.68356487932e-08,9.03283729793e-08
0.097037302,0.78417778,0.15997355,-0.0008560849,-0.0003539777,0.0002461804,0.097037302,0.78417778,0.15997355,-0.0008560849,-0.0003539777,0.0002461804,0.00941623797944,0.614934790646,0.0255915366996,7.32881356008e-07,1.25300212097e-07,6.06047893442e-08,0.00941623797944,0.614934790646,0.0255915366996,7.32881356008e-07,1.25300212097e-07,6.06047893442e-08
0.11008272,0.81816011,0.1751849,-0.0012014252,-0.00047473295,0.00032300537,0.11008272,0.81816011,0.1751849,-0.0012014252,-0.00047473295,0.00032300537,0.0121182052426,0.669385965595,0.030689749188,1.4434225112e-06,2.25371373816e-07,1.04332469049e-07,0.0121182052426,0.669385965595,0.030689749188,1.4434225112e-06,2.25371373816e-07,1.04332469049e-07
0.10002614,0.81648196,0.18670261,-0.0012733859,-0.00047377112,0.00019622806,0.10002614,0.81648196,0.18670261,-0.0012733859,-0.00047377112,0.00019622806,0.0100052286833,0.666642791005,0.0348578645808,1.62151165032e-06,2.24459074146e-07,3.85054515314e-08,0.0100052286833,0.666642791005,0.0348578645808,1.62151165032e-06,2.24459074146e-07,3.85054515314e-08
0.084338731,0.81920009,0.17124776,-0.00067768293,-0.00031043299,-0.00011038042,0.084338731,0.81920009,0.17124776,-0.00067768293,-0.00031043299,-0.00011038042,0.00711302154669,0.671088787456,0.029325795305,4.59254153613e-07,9.63686412803e-08,1.21838371194e-08,0.00711302154669,0.671088787456,0.029325795305,4.59254153613e-07,9.63686412803e-08,1.21838371194e-08
0.087939331,0.85882471,0.18744308,-0.0012208517,-0.00045679782,-0.00020431554,0.087939331,0.85882471,0.18744308,-0.0012208517,-0.00045679782,-0.00020431554,0.00773332593673,0.737579882507,0.0351349082399,1.49047887339e-06,2.08664248357e-07,4.17448398855e-08,0.00773332593673,0.737579882507,0.0351349082399,1.49047887339e-06,2.08664248357e-07,4.17448398855e-08
0.077890755,0.86239201,0.19562422,-0.00081176104,-4.7748724e-05,-0.00038629873,0.077890755,0.86239201,0.19562422,-0.00081176104,-4.7748724e-05,-0.00038629873,0.00606696971447,0.743719978912,0.0382688354506,6.58955986062e-07,2.27994064363e-09,1.492267088e-07,0.00606696971447,0.743719978912,0.0382688354506,6.58955986062e-07,2.27994064363e-09,1.492267088e-07
0.08597682,0.87955032,0.18982362,-0.001024564,-4.3767162e-05,-0.00050524748,0.08597682,0.87955032,0.18982362,-0.001024564,-4.3767162e-05,-0.00050524748,0.00739201357731,0.773608765412,0.0360330067099,1.0497313901e-06,1.91556446953e-09,2.55275016046e-07,0.00739201357731,0.773608765412,0.0360330067099,1.0497313901e-06,1.91556446953e-09,2.55275016046e-07
0.091748694,0.88999187,0.20279654,-0.001453874,-7.032617e-05,-0.00032601056,0.091748694,0.88999187,0.20279654,-0.001453874,-7.032617e-05,-0.00032601056,0.00841782285071,0.792085528666,0.041126436636,2.11374960788e-06,4.94577018687e-09,1.06282885232e-07,0.00841782285071,0.792085528666,0.041126436636,2.11374960788e-06,4.94577018687e-09,1.06282885232e-07
0.088220915,0.90902534,0.21639887,-0.0013403244,4.7702018e-05,-0.00056712332,0.088220915,0.90902534,0.21639887,-0.0013403244,4.7702018e-05,-0.00056712332,0.00778292984344,0.826327068762,0.0468284709373,1.79646949724e-06,2.27548252127e-09,3.21628860088e-07,0.00778292984344,0.826327068762,0.0468284709373,1.79646949724e-06,2.27548252127e-09,3.21628860088e-07
0.076268126,0.90908765,0.1593191,0.00017271036,-0.00011921873,-0.00052015705,0.076268126,0.90908765,0.1593191,0.00017271036,-0.00011921873,-0.00052015705,0.00581682704355,0.826440355383,0.0253825756248,2.98288684513e-08,1.42131055828e-08,2.70563356665e-07,0.00581682704355,0.826440355383,0.0253825756248,2.98288684513e-08,1.42131055828e-08,2.70563356665e-07
0.068435085,0.97955563,0.18429558,-0.00035334872,-0.00010796099,-0.00051925889,0.068435085,0.97955563,0.18429558,-0.00035334872,-0.00010796099,-0.00051925889,0.00468336085896,0.959529232265,0.0339648608075,1.24855317926e-07,1.16555753618e-08,2.69629794844e-07,0.00468336085896,0.959529232265,0.0339648608075,1.24855317926e-07,1.16555753618e-08,2.69629794844e-07
0.070824854,0.98987054,0.1789405,-0.00037010282,-0.00014755735,-0.00047546656,0.070824854,0.98987054,0.1789405,-0.00037010282,-0.00014755735,-0.00047546656,0.00501615994412,0.97984368596,0.0320197025403,1.36976097372e-07,2.1773171539e-08,2.26068449678e-07,0.00501615994412,0.97984368596,0.0320197025403,1.36976097372e-07,2.1773171539e-08,2.26068449678e-07
0.079618286,0.98731849,0.16654689,-0.00052129554,2.2664167e-06,-0.00052564774,0.079618286,0.98731849,0.16654689,-0.00052129554,2.2664167e-06,-0.00052564774,0.00633907146558,0.974797800696,0.0277378665687,2.71749040024e-07,5.13664465804e-12,2.76305546567e-07,0.00633907146558,0.974797800696,0.0277378665687,2.71749040024e-07,5.13664465804e-12,2.76305546567e-07
0.08448535,0.98862016,0.21274262,-0.00086473525,-1.3263782e-05,-0.00041419563,0.08448535,0.98862016,0.21274262,-0.00086473525,-1.3263782e-05,-0.00041419563,0.00713777436462,0.977369820758,0.0452594223645,7.47767052593e-07,1.75927912944e-10,1.71558019911e-07,0.00713777436462,0.977369820758,0.0452594223645,7.47767052593e-07,1.75927912944e-10,1.71558019911e-07
0.084457504,0.98094751,0.21456136,-0.00095435491,-5.9100838e-05,-0.0004659791,0.084457504,0.98094751,0.21456136,-0.00095435491,-5.9100838e-05,-0.0004659791,0.00713306998191,0.962258017375,0.046036577205,9.10793294241e-07,3.4929090523e-09,2.17136521637e-07,0.00713306998191,0.962258017375,0.046036577205,9.10793294241e-07,3.4929090523e-09,2.17136521637e-07
0.070684391,0.99113588,0.24185383,-0.00067303723,-0.00020974458,-0.00016159736,0.070684391,0.99113588,0.24185383,-0.00067303723,-0.00020974458,-0.00016159736,0.00499628313104,0.982350332623,0.0584932750857,4.52979112966e-07,4.39927888394e-08,2.6113706759e-08,0.00499628313104,0.982350332623,0.0584932750857,4.52979112966e-07,4.39927888394e-08,2.6113706759e-08
0.068838748,0.9960987,0.29576659,-0.00078234249,-0.00028406461,7.8627559e-05,0.068838748,0.9960987,0.29576659,-0.00078234249,-0.00028406461,7.8627559e-05,0.00473877322621,0.992212620142,0.0874778757602,6.12059771659e-07,8.06927026545e-08,6.1822930343e-09,0.00473877322621,0.992212620142,0.0874778757602,6.12059771659e-07,8.06927026545e-08,6.1822930343e-09
0.081861819,0.99447879,0.29197352,-0.00049852721,-8.9325255e-05,-8.5742019e-05,0.081861819,0.99447879,0.29197352,-0.00049852721,-8.9325255e-05,-8.5742019e-05,0.00670135740999,0.98898806376,0.0852485363812,2.4852937911e-07,7.97900118082e-09,7.3516938222e-09,0.00670135740999,0.98898806376,0.0852485363812,2.4852937911e-07,7.97900118082e-09,7.3516938222e-09
0.08420502,1.0513448,0.28253347,-0.00041616871,-0.00019755154,7.968923e-05,0.08420502,1.0513448,0.28253347,-0.00041616871,-0.00019755154,7.968923e-05,0.0070904853932,1.10532588849,0.0798251616702,1.73196395183e-07,3.90266109564e-08,6.35037337799e-09,0.0070904853932,1.10532588849,0.0798251616702,1.73196395183e-07,3.90266109564e-08,6.35037337799e-09
0.089157171,1.0766265,0.29732129,-0.0011318213,-0.00027975222,0.00011671163,0.089157171,1.0766265,0.29732129,-0.0011318213,-0.00027975222,0.00011671163,0.00794900114072,1.1591246205,0.0883999494873,1.28101945513e-06,7.82613045949e-08,1.36216045773e-08,0.00794900114072,1.1591246205,0.0883999494873,1.28101945513e-06,7.82613045949e-08,1.36216045773e-08
0.091119561,1.0833673,0.29132153,-0.00074433099,-0.00021530043,-5.1179421e-05,0.091119561,1.0833673,0.29132153,-0.00074433099,-0.00021530043,-5.1179421e-05,0.00830277439683,1.17368470671,0.0848682338415,5.54028622674e-07,4.63542751582e-08,2.6193331339e-09,0.00830277439683,1.17368470671,0.0848682338415,5.54028622674e-07,4.63542751582e-08,2.6193331339e-09
0.093524964,1.1166251,0.28257706,-0.00085605556,-0.00025163446,7.5602351e-05,0.093524964,1.1166251,0.28257706,-0.00085605556,-0.00025163446,7.5602351e-05,0.0087469188912,1.24685161395,0.0798497948382,7.32831121807e-07,6.33199014595e-08,5.71571547673e-09,0.0087469188912,1.24685161395,0.0798497948382,7.32831121807e-07,6.33199014595e-08,5.71571547673e-09
0.10080251,1.1464113,0.26897949,-0.00083800464,-0.00036508128,8.7105569e-05,0.10080251,1.1464113,0.26897949,-0.00083800464,-0.00036508128,8.7105569e-05,0.0101611460223,1.31425886877,0.0723499660407,7.02251776662e-07,1.33284341006e-07,7.58738015081e-09,0.0101611460223,1.31425886877,0.0723499660407,7.02251776662e-07,1.33284341006e-07,7.58738015081e-09
0.10006252,1.1856064,0.2969541,-0.0012039372,-0.00036237638,7.9700964e-05,0.10006252,1.1856064,0.2969541,-0.0012039372,-0.00036237638,7.9700964e-05,0.0100125079088,1.40566253572,0.0881817375068,1.44946478154e-06,1.31316640782e-07,6.35224366253e-09,0.0100125079088,1.40566253572,0.0881817375068,1.44946478154e-06,1.31316640782e-07,6.35224366253e-09
0.092981331,1.1659818,0.29471564,-0.00040708296,-0.00033590826,-7.7916613e-05,0.092981331,1.1659818,0.29471564,-0.00040708296,-0.00033590826,-7.7916613e-05,0.00864552791453,1.35951355793,0.0868573084606,1.65716536322e-07,1.12834359136e-07,6.07099858139e-09,0.00864552791453,1.35951355793,0.0868573084606,1.65716536322e-07,1.12834359136e-07,6.07099858139e-09
0.099392078,1.2039206,0.31484953,-0.00089464816,-0.00043505506,0.00013206874,0.099392078,1.2039206,0.31484953,-0.00089464816,-0.00043505506,0.00013206874,0.00987878516916,1.4494248111,0.0991302265412,8.00395330191e-07,1.89272905232e-07,1.74421520852e-08,0.00987878516916,1.4494248111,0.0991302265412,8.00395330191e-07,1.89272905232e-07,1.74421520852e-08
0.10359246,1.2256715,0.31590958,-0.00088795994,-0.0004513793,0.00030637732,0.10359246,1.2256715,0.31590958,-0.00088795994,-0.0004513793,0.00030637732,0.0107313977689,1.50227062591,0.0997988627358,7.88472855045e-07,2.03743272468e-07,9.38670622104e-08,0.0107313977689,1.50227062591,0.0997988627358,7.88472855045e-07,2.03743272468e-07,9.38670622104e-08
0.098991699,1.2496673,0.31170766,-0.0007044947,-0.00041756229,-3.9685288e-05,0.098991699,1.2496673,0.31170766,-0.0007044947,-0.00041756229,-3.9685288e-05,0.00979935647091,1.56166836069,0.0971616653027,4.96312782328e-07,1.7435826603e-07,1.57492208364e-09,0.00979935647091,1.56166836069,0.0971616653027,4.96312782328e-07,1.7435826603e-07,1.57492208364e-09
0.09554524,1.3132785,0.31592308,-0.00071609762,-0.00058293835,0.0001433131,0.09554524,1.3132785,0.31592308,-0.00071609762,-0.00058293835,0.0001433131,0.00912889288666,1.72470041856,0.0998073924767,5.1279580137e-07,3.39817119901e-07,2.05386446316e-08,0.00912889288666,1.72470041856,0.0998073924767,5.1279580137e-07,3.39817119901e-07,2.05386446316e-08
0.1030011,1.2999986,0.29820973,7.2659704e-05,-0.000456687,9.0308212e-05,0.1030011,1.2999986,0.29820973,7.2659704e-05,-0.000456687,9.0308212e-05,0.0106092266012,1.68999636,0.0889290430667,5.27943258537e-09,2.08563015969e-07,8.15557315464e-09,0.0106092266012,1.68999636,0.0889290430667,5.27943258537e-09,2.08563015969e-07,8.15557315464e-09
0.1035804,1.3067583,0.31091004,9.6846107e-05,-0.00034801014,-0.0001162117,0.1035804,1.3067583,0.31091004,9.6846107e-05,-0.00034801014,-0.0001162117,0.0107288992642,1.70761725462,0.0966650529728,9.37916844106e-09,1.21111057543e-07,1.35051592169e-08,0.0107288992642,1.70761725462,0.0966650529728,9.37916844106e-09,1.21111057543e-07,1.35051592169e-08
0.10930441,1.3591694,0.32701305,-0.00074220638,-0.00056487569,0.00013710733,0.10930441,1.3591694,0.32701305,-0.00074220638,-0.00056487569,0.00013710733,0.0119474540454,1.8473414579,0.10693753487,5.50870310513e-07,3.19084545153e-07,1.87984199397e-08,0.0119474540454,1.8473414579,0.10693753487,5.50870310513e-07,3.19084545153e-07,1.87984199397e-08
0.10052242,1.3640039,0.32921326,-0.00082534293,-0.00065649093,0.00012996403,0.10052242,1.3640039,0.32921326,-0.00082534293,-0.00065649093,0.00012996403,0.0101047569227,1.86050663922,0.10838137056,6.81190952101e-07,4.30980341172e-07,1.68906490938e-08,0.0101047569227,1.86050663922,0.10838137056,6.81190952101e-07,4.30980341172e-07,1.68906490938e-08
0.097193943,1.3829172,0.29446501,-0.00082112905,-0.00070897773,9.414101e-05,0.097193943,1.3829172,0.29446501,-0.00082112905,-0.00070897773,9.414101e-05,0.00944666255589,1.91245998206,0.0867096421143,6.74252916754e-07,5.02649421636e-07,8.86252976382e-09,0.00944666255589,1.91245998206,0.0867096421143,6.74252916754e-07,5.02649421636e-07,8.86252976382e-09
0.096791585,1.4270624,0.31890134,-0.0012252472,-0.00073974156,0.00013034911,0.096791585,1.4270624,0.31890134,-0.0012252472,-0.00073974156,0.00013034911,0.00936861092681,2.03650709349,0.101698064654,1.50123070111e-06,5.47217575591e-07,1.69908904778e-08,0.00936861092681,2.03650709349,0.101698064654,1.50123070111e-06,5.47217575591e-07,1.69908904778e-08
0.089300862,1.4177067,0.31001694,-0.00070555181,-0.00066707027,-0.00010890691,0.089300862,1.4177067,0.31001694,-0.00070555181,-0.00066707027,-0.00010890691,0.00797464395394,2.00989228722,0.096110503087,4.97803356594e-07,4.44982745118e-07,1.18607150457e-08,0.00797464395394,2.00989228722,0.096110503087,4.97803356594e-07,4.44982745118e-07,1.18607150457e-08
0.098659131,1.4189368,0.30985124,-0.00082219526,-0.00071748283,-7.865629e-05,0.098659131,1.4189368,0.30985124,-0.00082219526,-0.00071748283,-7.865629e-05,0.00973362412968,2.01338164239,0.0960077909295,6.76005045566e-07,5.14781611345e-07,6.18681195656e-09,0.00973362412968,2.01338164239,0.0960077909295,6.76005045566e-07,5.14781611345e-07,6.18681195656e-09
0.09993719,1.4760873,0.33217552,-0.0012375033,-0.00077698168,3.7566501e-05,0.09993719,1.4760873,0.33217552,-0.0012375033,-0.00077698168,3.7566501e-05,0.0099874419451,2.17883371722,0.110340576087,1.53141441751e-06,6.03700531056e-07,1.41124199738e-09,0.0099874419451,2.17883371722,0.110340576087,1.53141441751e-06,6.03700531056e-07,1.41124199738e-09
0.093725116,1.4725815,0.32639244,-0.00088447074,-0.00078115831,-5.0222492e-05,0.093725116,1.4725815,0.32639244,-0.00088447074,-0.00078115831,-5.0222492e-05,0.00878439736921,2.16849627414,0.106532024889,7.82288489916e-07,6.10208305282e-07,2.52229870269e-09,0.00878439736921,2.16849627414,0.106532024889,7.82288489916e-07,6.10208305282e-07,2.52229870269e-09
0.096540997,1.4878048,0.29875936,-0.00092566807,-0.0005938776,-0.00011402853,0.096540997,1.4878048,0.29875936,-0.00092566807,-0.0005938776,-0.00011402853,0.00932016410175,2.2135631229,0.0892571551876,8.56861375818e-07,3.52690603782e-07,1.3002505654e-08,0.00932016410175,2.2135631229,0.0892571551876,8.56861375818e-07,3.52690603782e-07,1.3002505654e-08
0.1049507,1.5281563,0.31673185,-0.0012486907,-0.00058866436,0.00012192709,0.1049507,1.5281563,0.31673185,-0.0012486907,-0.00058866436,0.00012192709,0.0110146494305,2.33526167723,0.100319064804,1.55922846427e-06,3.46525728734e-07,1.48662152759e-08,0.0110146494305,2.33526167723,0.100319064804,1.55922846427e-06,3.46525728734e-07,1.48662152759e-08
0.091616933,1.5237654,0.30926013,-0.00076996938,-0.00070467345,-0.00010154721,0.091616933,1.5237654,0.30926013,-0.00076996938,-0.00070467345,-0.00010154721,0.00839366241233,2.32186099424,0.0956418280076,5.92852846138e-07,4.96564671135e-07,1.03118358588e-08,0.00839366241233,2.32186099424,0.0956418280076,5.92852846138e-07,4.96564671135e-07,1.03118358588e-08
0.088908928,1.5781809,0.31798563,-0.001063882,-0.00068962819,0.00016260315,0.088908928,1.5781809,0.31798563,-0.001063882,-0.00068962819,0.00016260315,0.00790479747811,2.49065495312,0.101114860886,1.13184490992e-06,4.75587040443e-07,2.64397843899e-08,0.00790479747811,2.49065495312,0.101114860886,1.13184490992e-06,4.75587040443e-07,2.64397843899e-08
0.088704172,1.567069,0.32555095,-0.00018933369,-0.00059226815,1.793295e-05,0.088704172,1.567069,0.32555095,-0.00018933369,-0.00059226815,1.793295e-05,0.00786843013021,2.45570525076,0.105983421046,3.5847246169e-08,3.50781561504e-07,3.21590695702e-10,0.00786843013021,2.45570525076,0.105983421046,3.5847246169e-08,3.50781561504e-07,3.21590695702e-10
0.084191261,1.5582922,0.32310561,0.00066316884,-0.0006738919,3.5117543e-05,0.084191261,1.5582922,0.32310561,0.00066316884,-0.0006738919,3.5117543e-05,0.00708816842877,2.42827458058,0.104397235213,4.39792910347e-07,4.54130292886e-07,1.23324182636e-09,0.00708816842877,2.42827458058,0.104397235213,4.39792910347e-07,4.54130292886e-07,1.23324182636e-09
0.085479841,1.586849,0.33681336,0.00036167973,-0.00070502315,-0.00012538677,0.085479841,1.586849,0.33681336,0.00036167973,-0.00070502315,-0.00012538677,0.00730680321739,2.5180897488,0.113443239474,1.30812227093e-07,4.97057642036e-07,1.5721842091e-08,0.00730680321739,2.5180897488,0.113443239474,1.30812227093e-07,4.97057642036e-07,1.5721842091e-08
0.085160619,1.5840588,0.35723172,0.00054462004,-0.00078928072,0.00015029131,0.085160619,1.5840588,0.35723172,0.00054462004,-0.00078928072,0.00015029131,0.00725233102846,2.50924228186,0.127614501774,2.9661098797e-07,6.22964054964e-07,2.25874778615e-08,0.00725233102846,2.50924228186,0.127614501774,2.9661098797e-07,6.22964054964e-07,2.25874778615e-08
0.083756691,1.5946287,0.36108876,0.00096093664,-0.00079253329,-0.00012232009,0.083756691,1.5946287,0.36108876,0.00096093664,-0.00079253329,-0.00012232009,0.00701518328727,2.54284069086,0.130385092598,9.23399226094e-07,6.28109015758e-07,1.49622044176e-08,0.00701518328727,2.54284069086,0.130385092598,9.23399226094e-07,6.28109015758e-07,1.49622044176e-08
0.079544123,1.5979489,0.33689464,0.0011396297,-0.00070446389,-2.8223668e-05,0.079544123,1.5979489,0.33689464,0.0011396297,-0.00070446389,-2.8223668e-05,0.00632726750384,2.55344068701,0.113497998461,1.29875585312e-06,4.96269372314e-07,7.96575435374e-10,0.00632726750384,2.55344068701,0.113497998461,1.29875585312e-06,4.96269372314e-07,7.96575435374e-10
0.087236475,1.6430601,0.32619283,0.0010351878,-0.00059241441,5.3434147e-05,0.087236475,1.6430601,0.32619283,0.0010351878,-0.00059241441,5.3434147e-05,0.00761020257043,2.69964649221,0.106401762343,1.07161378127e-06,3.50954833176e-07,2.85520806562e-09,0.00761020257043,2.69964649221,0.106401762343,1.07161378127e-06,3.50954833176e-07,2.85520806562e-09
0.086122078,1.6745031,0.32668322,0.00051503517,-0.00052153715,0.00022740306,0.086122078,1.6745031,0.32668322,0.00051503517,-0.00052153715,0.00022740306,0.00741701231904,2.80396063191,0.10672192623,2.65261226337e-07,2.7200099883e-07,5.17121516974e-08,0.00741701231904,2.80396063191,0.10672192623,2.65261226337e-07,2.7200099883e-07,5.17121516974e-08
0.091802706,1.6931395,0.34790737,0.00017414446,-0.00049030536,0.00019142154,0.091802706,1.6931395,0.34790737,0.00017414446,-0.00049030536,0.00019142154,0.00842773682892,2.86672136646,0.1210395381,3.03262929487e-08,2.40399346045e-07,3.6642205976e-08,0.00842773682892,2.86672136646,0.1210395381,3.03262929487e-08,2.40399346045e-07,3.6642205976e-08
0.091814184,1.7033521,0.33436649,0.00026406026,-0.00039836108,2.3873626e-05,0.091814184,1.7033521,0.33436649,0.00026406026,-0.00039836108,2.3873626e-05,0.00842984438359,2.90140837657,0.111800949635,6.97278209113e-08,1.58691550059e-07,5.69950018388e-10,0.00842984438359,2.90140837657,0.111800949635,6.97278209113e-08,1.58691550059e-07,5.69950018388e-10
0.10150782,1.744742,0.36269671,-3.3022962e-05,-0.00026407899,0.00010868741,0.10150782,1.744742,0.36269671,-3.3022962e-05,-0.00026407899,0.00010868741,0.0103038375212,3.04412464656,0.131548903445,1.09051601925e-09,6.97377129594e-08,1.18129530925e-08,0.0103038375212,3.04412464656,0.131548903445,1.09051601925e-09,6.97377129594e-08,1.18129530925e-08
0.096950794,1.7574461,0.35126592,-0.00053175226,-0.00035210014,0.00012144978,0.096950794,1.7574461,0.35126592,-0.00053175226,-0.00035210014,0.00012144978,0.00939945645723,3.08861679441,0.123387746553,2.82760466015e-07,1.23974508588e-07,1.4750049062e-08,0.00939945645723,3.08861679441,0.123387746553,2.82760466015e-07,1.23974508588e-07,1.4750049062e-08
0.089221406,1.7880884,0.35355655,-0.00061824395,-0.00041058575,0.00019666809,0.089221406,1.7880884,0.35355655,-0.00061824395,-0.00041058575,0.00019666809,0.00796045928862,3.19726012621,0.125002234048,3.82225581712e-07,1.68580658103e-07,3.86783376242e-08,0.00796045928862,3.19726012621,0.125002234048,3.82225581712e-07,1.68580658103e-07,3.86783376242e-08
0.088686434,1.8051241,0.34137076,-0.0002032245,-0.00032999081,0.00024123667,0.088686434,1.8051241,0.34137076,-0.0002032245,-0.00032999081,0.00024123667,0.00786528357564,3.2584730164,0.116533995783,4.13001974003e-08,1.08893934684e-07,5.81951309527e-08,0.00786528357564,3.2584730164,0.116533995783,4.13001974003e-08,1.08893934684e-07,5.81951309527e-08
0.09772917,1.8147436,0.38505729,-0.00022506146,-0.00047470985,0.00023010605,0.09772917,1.8147436,0.38505729,-0.00022506146,-0.00047470985,0.00023010605,0.00955099066889,3.29329433374,0.148269116582,5.06526607773e-08,2.25349441687e-07,5.29487942466e-08,0.00955099066889,3.29329433374,0.148269116582,5.06526607773e-08,2.25349441687e-07,5.29487942466e-08
0.092804424,1.8401876,0.35820969,0.00029786002,-0.00035964996,0.00016557226,0.092804424,1.8401876,0.35820969,0.00029786002,-0.00035964996,0.00016557226,0.00861266111397,3.38629040319,0.12831418201,8.87205915144e-08,1.29348093728e-07,2.74141732815e-08,0.00861266111397,3.38629040319,0.12831418201,8.87205915144e-08,1.29348093728e-07,2.74141732815e-08
0.10418358,1.9170096,0.39700493,-0.00022674832,-0.00046252536,0.00048484716,0.10418358,1.9170096,0.39700493,-0.00022674832,-0.00046252536,0.00048484716,0.0108542183416,3.67492580649,0.157612914444,5.14148006228e-08,2.13929708643e-07,2.3507676856e-07,0.0108542183416,3.67492580649,0.157612914444,5.14148006228e-08,2.13929708643e-07,2.3507676856e-07
0.10175765,1.902915,0.37421913,0.00010071568,-0.00036782848,0.00037951124,0.10175765,1.902915,0.37421913,0.00010071568,-0.00036782848,0.00037951124,0.0103546193335,3.62108549723,0.140039957258,1.01436481979e-08,1.35297790699e-07,1.44028781286e-07,0.0103546193335,3.62108549723,0.140039957258,1.01436481979e-08,1.35297790699e-07,1.44028781286e-07
0.11134946,1.9252766,0.38040445,-9.5365147e-05,-0.00029250001,0.00048650924,0.11134946,1.9252766,0.38040445,-9.5365147e-05,-0.00029250001,0.00048650924,0.0123987022423,3.70668998651,0.14470754558,9.09451126233e-09,8.555625585e-08,2.36691240605e-07,0.0123987022423,3.70668998651,0.14470754558,9.09451126233e-09,8.555625585e-08,2.36691240605e-07
0.11300137,1.9654353,0.40476567,-0.00043552351,-0.00035070222,0.00052468471,0.11300137,1.9654353,0.40476567,-0.00043552351,-0.00035070222,0.00052468471,0.0127693096219,3.86293591849,0.163835247611,1.89680727763e-07,1.22992047113e-07,2.75294044908e-07,0.0127693096219,3.86293591849,0.163835247611,1.89680727763e-07,1.22992047113e-07,2.75294044908e-07
0.10891792,1.9538417,0.38369621,-0.00012927867,-0.00032246057,0.00034225272,0.10891792,1.9538417,0.38369621,-0.00012927867,-0.00032246057,0.00034225272,0.0118631132971,3.81749738866,0.147222781568,1.6712974517e-08,1.03980819205e-07,1.17136924347e-07,0.0118631132971,3.81749738866,0.147222781568,1.6712974517e-08,1.03980819205e-07,1.17136924347e-07
0.11672619,1.9956734,0.36741067,-0.00072504225,-0.00045981526,0.00044765699,0.11672619,1.9956734,0.36741067,-0.00072504225,-0.00045981526,0.00044765699,0.0136250034319,3.98271231947,0.13499060043,5.25686264285e-07,2.11430073329e-07,2.00396780696e-07,0.0136250034319,3.98271231947,0.13499060043,5.25686264285e-07,2.11430073329e-07,2.00396780696e-07
0.11087782,2.0424428,0.38371023,-0.0012972785,-0.0006487882,0.0004625466,0.11087782,2.0424428,0.38371023,-0.0012972785,-0.0006487882,0.0004625466,0.012293890968,4.17157259127,0.147233540607,1.68293150656e-06,4.20926128459e-07,2.13949357172e-07,0.012293890968,4.17157259127,0.147233540607,1.68293150656e-06,4.20926128459e-07,2.13949357172e-07
0.09827915,2.0497386,0.37467748,-0.00083743599,-0.0004471323,0.00025685309,0.09827915,2.0497386,0.37467748,-0.00083743599,-0.0004471323,0.00025685309,0.00965879132472,4.20142832833,0.140383214019,7.01299037347e-07,1.99927293703e-07,6.59735098425e-08,0.00965879132472,4.20142832833,0.140383214019,7.01299037347e-07,1.99927293703e-07,6.59735098425e-08
0.10043516,2.0393718,0.38161446,-0.00050837433,-0.00051260119,0.0001313228,0.10043516,2.0393718,0.38161446,-0.00050837433,-0.00051260119,0.0001313228,0.0100872213642,4.15903733864,0.145629596081,2.58444459403e-07,2.62759979989e-07,1.72456777998e-08,0.0100872213642,4.15903733864,0.145629596081,2.58444459403e-07,2.62759979989e-07,1.72456777998e-08
0.10197244,2.0971116,0.37804336,-0.00048382121,-0.0005135633,0.00015517547,0.10197244,2.0971116,0.37804336,-0.00048382121,-0.0005135633,0.00015517547,0.0103983785196,4.39787706285,0.14291678204,2.34082963246e-07,2.63747263107e-07,2.40794264897e-08,0.0103983785196,4.39787706285,0.14291678204,2.34082963246e-07,2.63747263107e-07,2.40794264897e-08
0.10875973,2.1134589,0.36942096,-0.00054200304,-0.00058634817,5.6192673e-05,0.10875973,2.1134589,0.36942096,-0.00054200304,-0.00058634817,5.6192673e-05,0.0118286788697,4.46670852199,0.136471845687,2.93767295369e-07,3.43804176462e-07,3.15761649888e-09,0.0118286788697,4.46670852199,0.136471845687,2.93767295369e-07,3.43804176462e-07,3.15761649888e-09
0.10839309,2.1396931,0.36769633,-0.00068881668,-0.00062259451,7.1591106e-05,0.10839309,2.1396931,0.36769633,-0.00068881668,-0.00062259451,7.1591106e-05,0.0117490619597,4.57828656219,0.135200591095,4.74468418646e-07,3.87623923882e-07,5.1252864583e-09,0.0117490619597,4.57828656219,0.135200591095,4.74468418646e-07,3.87623923882e-07,5.1252864583e-09
0.10807045,2.1732622,0.36040562,-0.00069684565,-0.00060448005,0.00013506517,0.10807045,2.1732622,0.36040562,-0.00069684565,-0.00060448005,0.00013506517,0.0116792221632,4.72306858995,0.129892210928,4.85593859924e-07,3.65396130848e-07,1.82426001471e-08,0.0116792221632,4.72306858995,0.129892210928,4.85593859924e-07,3.65396130848e-07,1.82426001471e-08
0.11288749,2.1888656,0.37907987,-0.00052760675,-0.00068767868,3.6802659e-05,0.11288749,2.1888656,0.37907987,-0.00052760675,-0.00068767868,3.6802659e-05,0.0127435853985,4.79113261486,0.143701547839,2.78368882646e-07,4.72901966927e-07,1.35443570947e-09,0.0127435853985,4.79113261486,0.143701547839,2.78368882646e-07,4.72901966927e-07,1.35443570947e-09
0.11548301,2.217962,0.40038265,-0.00077263625,-0.00069048733,0.00012415717,0.11548301,2.217962,0.40038265,-0.00077263625,-0.00069048733,0.00012415717,0.0133363255987,4.91935543344,0.160306266421,5.96966774814e-07,4.76772752891e-07,1.54150028624e-08,0.0133363255987,4.91935543344,0.160306266421,5.96966774814e-07,4.76772752891e-07,1.54150028624e-08
0.11950037,2.2189176,0.38708791,-0.00073545779,-0.00058917735,7.9919897e-05,0.11950037,2.2189176,0.38708791,-0.00073545779,-0.00058917735,7.9919897e-05,0.0142803384301,4.92359531559,0.149837050068,5.40898160872e-07,3.47129949753e-07,6.38718993649e-09,0.0142803384301,4.92359531559,0.149837050068,5.40898160872e-07,3.47129949753e-07,6.38718993649e-09
0.1194283,2.2674607,0.38413969,-0.0010817739,-0.00069554939,0.00017663268,0.1194283,2.2674607,0.38413969,-0.0010817739,-0.00069554939,0.00017663268,0.0142631188409,5.14137802604,0.147563301433,1.17023477072e-06,4.83788953929e-07,3.1199103644e-08,0.0142631188409,5.14137802604,0.147563301433,1.17023477072e-06,4.83788953929e-07,3.1199103644e-08
0.11895679,2.2912211,0.40583764,-0.0013110244,-0.00060027066,0.00023220843,0.11895679,2.2912211,0.40583764,-0.0013110244,-0.00060027066,0.00023220843,0.0141507178871,5.24969412909,0.164704190041,1.7187849774e-06,3.60324865257e-07,5.39207549631e-08,0.0141507178871,5.24969412909,0.164704190041,1.7187849774e-06,3.60324865257e-07,5.39207549631e-08
0.11146398,2.2932296,0.3999887,6.0922821e-06,-0.00070162743,0.00027104027,0.11146398,2.2932296,0.3999887,6.0922821e-06,-0.00070162743,0.00027104027,0.0124242188374,5.25890199832,0.159990960128,3.7115901186e-11,4.92281050528e-07,7.34628279617e-08,0.0124242188374,5.25890199832,0.159990960128,3.7115901186e-11,4.92281050528e-07,7.34628279617e-08
0.11180708,2.3549333,0.36981966,0.00047426307,-0.0007495291,0.00043548911,0.11180708,2.3549333,0.36981966,0.00047426307,-0.0007495291,0.00043548911,0.0125008231381,5.54571084745,0.136766580923,2.24925459566e-07,5.61793871747e-07,1.89650764929e-07,0.0125008231381,5.54571084745,0.136766580923,2.24925459566e-07,5.61793871747e-07,1.89650764929e-07
0.11239899,2.4046508,0.3522254,0.00010193527,-0.00078411531,0.00043618207,0.11239899,2.4046508,0.3522254,0.00010193527,-0.00078411531,0.00043618207,0.012633532953,5.78234546994,0.124062732405,1.039079927e-08,6.14836819376e-07,1.90254798189e-07,0.012633532953,5.78234546994,0.124062732405,1.039079927e-08,6.14836819376e-07,1.90254798189e-07
0.1133133,2.3882415,0.37170623,0.00030721773,-0.00071112943,0.00046213146,0.1133133,2.3882415,0.37170623,0.00030721773,-0.00071112943,0.00046213146,0.0128399039569,5.70369746232,0.138165521421,9.43827336264e-08,5.05705066212e-07,2.13565486322e-07,0.0128399039569,5.70369746232,0.138165521421,9.43827336264e-08,5.05705066212e-07,2.13565486322e-07
0.11991008,2.4041183,0.40569694,0.00038455365,-0.00064138119,0.00043763492,0.11991008,2.4041183,0.40569694,0.00038455365,-0.00064138119,0.00043763492,0.0143784272856,5.77978480039,0.164590007125,1.47881509728e-07,4.11369830886e-07,1.91524323203e-07,0.0143784272856,5.77978480039,0.164590007125,1.47881509728e-07,4.11369830886e-07,1.91524323203e-07
0.11460211,2.4207454,0.40159634,0.00018569519,-0.00059607583,0.00056638703,0.11460211,2.4207454,0.40159634,0.00018569519,-0.00059607583,0.00056638703,0.0131336436165,5.86000829162,0.161279620301,3.44827035891e-08,3.5530639511e-07,3.20794267752e-07,0.0131336436165,5.86000829162,0.161279620301,3.44827035891e-08,3.5530639511e-07,3.20794267752e-07
0.12256824,2.4775148,0.43979999,-0.00062163869,-0.00053518784,0.00054427963,0.12256824,2.4775148,0.43979999,-0.00062163869,-0.00053518784,0.00054427963,0.0150229734567,6.13807958422,0.193424031204,3.86434660905e-07,2.86426024084e-07,2.96240315633e-07,0.0150229734567,6.13807958422,0.193424031204,3.86434660905e-07,2.86426024084e-07,2.96240315633e-07
0.12398063,2.469987,0.42404783,-0.00037545903,-0.0003679574,0.00052634722,0.12398063,2.469987,0.42404783,-0.00037545903,-0.0003679574,0.00052634722,0.0153711966152,6.10083578017,0.179816562128,1.40969483209e-07,1.35392648215e-07,2.77041396002e-07,0.0153711966152,6.10083578017,0.179816562128,1.40969483209e-07,1.35392648215e-07,2.77041396002e-07
0.13285122,2.5012965,0.42187598,-0.00026617298,-0.00027745523,0.00043807512,0.13285122,2.5012965,0.42187598,-0.00026617298,-0.00027745523,0.00043807512,0.0176494466555,6.25648418091,0.177979342501,7.08480552821e-08,7.69814046544e-08,1.91909810763e-07,0.0176494466555,6.25648418091,0.177979342501,7.08480552821e-08,7.69814046544e-08,1.91909810763e-07
0.1344951,2.5083817,0.42241248,-0.00056954362,-0.00030468536,0.00048299134,0.1344951,2.5083817,0.42241248,-0.00056954362,-0.00030468536,0.00048299134,0.018088931924,6.29197875289,0.17843230326,3.24379935083e-07,9.28331685983e-08,2.33280634515e-07,0.018088931924,6.29197875289,0.17843230326,3.24379935083e-07,9.28331685983e-08,2.33280634515e-07
0.13575495,2.5465411,0.42812223,-0.00095839221,-0.00039027263,0.00053618783,0.13575495,2.5465411,0.42812223,-0.00095839221,-0.00039027263,0.00053618783,0.0184294064495,6.48487157399,0.18328864382,9.18515628189e-07,1.52312725727e-07,2.8749738904e-07,0.0184294064495,6.48487157399,0.18328864382,9.18515628189e-07,1.52312725727e-07,2.8749738904e-07
0.1297841,2.5019232,0.38704776,-0.00038263624,-0.00033356575,0.00046394193,0.1297841,2.5019232,0.38704776,-0.00038263624,-0.00033356575,0.00046394193,0.0168439126128,6.2596196987,0.149805968521,1.46410492161e-07,1.11266109573e-07,2.15242114412e-07,0.0168439126128,6.2596196987,0.149805968521,1.46410492161e-07,1.11266109573e-07,2.15242114412e-07
0.13208821,2.7222484,0.50732033,-0.0012001834,-0.00054266354,0.00059039947,0.13208821,2.7222484,0.50732033,-0.0012001834,-0.00054266354,0.00059039947,0.017447295221,7.4106363513,0.257373917231,1.44044019364e-06,2.94483717645e-07,3.48571534176e-07,0.017447295221,7.4106363513,0.257373917231,1.44044019364e-06,2.94483717645e-07,3.48571534176e-07
0.11506221,2.8093644,0.30217145,0.00083192008,-0.00049217578,0.00072544051,0.11506221,2.8093644,0.30217145,0.00083192008,-0.00049217578,0.00072544051,0.0132393121701,7.89252833199,0.0913075851951,6.92091019507e-07,2.42236998419e-07,5.26263933549e-07,0.0132393121701,7.89252833199,0.0913075851951,6.92091019507e-07,2.42236998419e-07,5.26263933549e-07
0.089128008,2.6120563,0.19203077,0.0027917437,0.00013935495,0.00011384709,0.089128008,2.6120563,0.19203077,0.0027917437,0.00013935495,0.00011384709,0.00794380181005,6.82283811437,0.0368758166268,7.79383288649e-06,1.94198020895e-08,1.29611599015e-08,0.00794380181005,6.82283811437,0.0368758166268,7.79383288649e-06,1.94198020895e-08,1.29611599015e-08
0.073857633,2.6158836,0.27958513,0.0027782687,0.00010702031,-2.20495e-05,0.073857633,2.6158836,0.27958513,0.0027782687,0.00010702031,-2.20495e-05,0.00545494995236,6.84284700875,0.0781678449171,7.7187769694e-06,1.14533467525e-08,4.8618045025e-10,0.00545494995236,6.84284700875,0.0781678449171,7.7187769694e-06,1.14533467525e-08,4.8618045025e-10
0.069398618,2.6113947,0.2831101,0.0025483801,-4.7793329e-05,-0.0001313642,0.069398618,2.6113947,0.2831101,0.0025483801,-4.7793329e-05,-0.0001313642,0.00481616818031,6.81938227919,0.080151328722,6.49424113408e-06,2.2842022969e-09,1.72565530416e-08,0.00481616818031,6.81938227919,0.080151328722,6.49424113408e-06,2.2842022969e-09,1.72565530416e-08
0.062911898,2.6623285,0.31836008,0.0023927996,-0.00012330712,4.7614573e-06,0.062911898,2.6623285,0.31836008,0.0023927996,-0.00012330712,4.7614573e-06,0.00395790690996,7.08799304191,0.101353140538,5.72548992576e-06,1.52046458427e-08,2.26714756197e-11,0.00395790690996,7.08799304191,0.101353140538,5.72548992576e-06,1.52046458427e-08,2.26714756197e-11
0.07443817,2.695533,0.31629415,0.0021174939,-0.00021584383,-4.0460331e-06,0.07443817,2.695533,0.31629415,0.0021174939,-0.00021584383,-4.0460331e-06,0.00554104115295,7.26589815409,0.100041989324,4.48378041654e-06,4.65885589491e-08,1.63703838463e-11,0.00554104115295,7.26589815409,0.100041989324,4.48378041654e-06,4.65885589491e-08,1.63703838463e-11
0.066690432,2.6560733,0.39032871,0.002724998,-8.6369805e-05,-0.00022544845,0.066690432,2.6560733,0.39032871,0.002724998,-8.6369805e-05,-0.00022544845,0.00444761372035,7.05472537497,0.15235650185,7.4256141e-06,7.45974321574e-09,5.08270036074e-08,0.00444761372035,7.05472537497,0.15235650185,7.4256141e-06,7.45974321574e-09,5.08270036074e-08
0.064873399,2.6653166,0.37893193,0.0029033409,-0.00014957672,-0.00010473349,0.064873399,2.6653166,0.37893193,0.0029033409,-0.00014957672,-0.00010473349,0.00420855789781,7.10391257824,0.143589407574,8.42938838161e-06,2.2373195166e-08,1.09691039276e-08,0.00420855789781,7.10391257824,0.143589407574,8.42938838161e-06,2.2373195166e-08,1.09691039276e-08
0.065608324,2.6693373,0.4111159,0.0031333647,-6.3016672e-06,-9.3040073e-05,0.065608324,2.6693373,0.4111159,0.0031333647,-6.3016672e-06,-9.3040073e-05,0.00430445217809,7.12536162117,0.169016283233,9.81797434321e-06,3.97110094996e-11,8.65645518385e-09,0.00430445217809,7.12536162117,0.169016283233,9.81797434321e-06,3.97110094996e-11,8.65645518385e-09
0.056853911,2.7136151,0.40389597,0.0023914238,-1.2452723e-05,-7.6340288e-05,0.056853911,2.7136151,0.40389597,0.0023914238,-1.2452723e-05,-7.6340288e-05,0.003232367196,7.36370691095,0.163131954582,5.71890779121e-06,1.55070310115e-10,5.82783957192e-09,0.003232367196,7.36370691095,0.163131954582,5.71890779121e-06,1.55070310115e-10,5.82783957192e-09
0.065247895,2.7225497,0.4165248,0.0019095738,1.4700569e-05,-6.1735382e-05,0.065247895,2.7225497,0.4165248,0.0019095738,1.4700569e-05,-6.1735382e-05,0.00425728780193,7.41227686897,0.173492909015,3.64647209765e-06,2.16106728924e-10,3.81125739069e-09,0.00425728780193,7.41227686897,0.173492909015,3.64647209765e-06,2.16106728924e-10,3.81125739069e-09
0.056530001,2.7829728,0.41768144,0.0013686207,0.00012124388,-3.2219763e-05,0.056530001,2.7829728,0.41768144,0.0013686207,0.00012124388,-3.2219763e-05,0.00319564101306,7.74493760554,0.17445778532,1.87312262047e-06,1.47000784375e-08,1.03811312778e-09,0.00319564101306,7.74493760554,0.17445778532,1.87312262047e-06,1.47000784375e-08,1.03811312778e-09
0.062415209,2.7965576,0.39324863,0.0019614145,0.00011853568,-3.5652203e-05,0.062415209,2.7965576,0.39324863,0.0019614145,0.00011853568,-3.5652203e-05,0.00389565831451,7.82073441012,0.154644484997,3.84714684081e-06,1.40507074331e-08,1.27107957875e-09,0.00389565831451,7.82073441012,0.154644484997,3.84714684081e-06,1.40507074331e-08,1.27107957875e-09
0.063169445,2.8480015,0.38804774,0.0018867206,4.342161e-05,-3.6295221e-05,0.063169445,2.8480015,0.38804774,0.0018867206,4.342161e-05,-3.6295221e-05,0.00399037878161,8.111112544,0.150581048519,3.55971462246e-06,1.88543621499e-09,1.31734306744e-09,0.00399037878161,8.111112544,0.150581048519,3.55971462246e-06,1.88543621499e-09,1.31734306744e-09
0.062932172,2.8785369,0.42547776,0.0014466687,-8.2246043e-05,-0.00031559015,0.062932172,2.8785369,0.42547776,0.0014466687,-8.2246043e-05,-0.00031559015,0.00396045827264,8.28597468466,0.181031324255,2.09285032756e-06,6.76441158916e-09,9.9597142777e-08,0.00396045827264,8.28597468466,0.181031324255,2.09285032756e-06,6.76441158916e-09,9.9597142777e-08
0.063796048,2.9855228,0.43412522,0.00085472695,-0.00023199418,-0.00011925464,0.063796048,2.9855228,0.43412522,0.00085472695,-0.00023199418,-0.00011925464,0.00406993574042,8.91334638932,0.18846470664,7.30558159056e-07,5.38212995539e-08,1.42216691615e-08,0.00406993574042,8.91334638932,0.18846470664,7.30558159056e-07,5.38212995539e-08,1.42216691615e-08
0.055056926,3.0137854,0.39449544,0.0012180678,-0.00035976155,-0.0001288941,0.055056926,3.0137854,0.39449544,0.0012180678,-0.00035976155,-0.0001288941,0.00303126510057,9.08290243725,0.155626652181,1.4836891654e-06,1.29428372858e-07,1.66136890148e-08,0.00303126510057,9.08290243725,0.155626652181,1.4836891654e-06,1.29428372858e-07,1.66136890148e-08
0.041614649,2.9920617,0.35299464,0.0021966005,-0.00047671818,-0.00042680916,0.041614649,2.9920617,0.35299464,0.0021966005,-0.00047671818,-0.00042680916,0.00173177901139,8.95243321661,0.124605215869,4.8250537566e-06,2.27260223143e-07,1.8216605906e-07,0.00173177901139,8.95243321661,0.124605215869,4.8250537566e-06,2.27260223143e-07,1.8216605906e-07
0.040621578,3.0513887,0.3830277,0.0020658546,-0.00055278142,-0.0003307647,0.040621578,3.0513887,0.3830277,0.0020658546,-0.00055278142,-0.0003307647,0.00165011259921,9.31097299849,0.146710218967,4.26775522834e-06,3.05567298297e-07,1.09405286766e-07,0.00165011259921,9.31097299849,0.146710218967,4.26775522834e-06,3.05567298297e-07,1.09405286766e-07
0.03033148,3.0337923,0.36410034,0.0023645575,-0.00046570227,-0.00035783758,0.03033148,3.0337923,0.36410034,0.0023645575,-0.00046570227,-0.00035783758,0.00091999867899,9.20389571954,0.132569057588,5.59113217081e-06,2.16878604283e-07,1.2804773366e-07,0.00091999867899,9.20389571954,0.132569057588,5.59113217081e-06,2.16878604283e-07,1.2804773366e-07
0.025216057,3.0531598,0.35928139,0.0024067404,-0.00032772225,-0.00032262634,0.025216057,3.0531598,0.35928139,0.0024067404,-0.00032772225,-0.00032262634,0.000635849530627,9.32178476434,0.1290831172,5.79239935299e-06,1.07401873145e-07,1.04087755262e-07,0.000635849530627,9.32178476434,0.1290831172,5.79239935299e-06,1.07401873145e-07,1.04087755262e-07
0.03390817,3.0865617,0.35745082,0.0026641125,-0.00036168779,-0.00023408922,0.03390817,3.0865617,0.35745082,0.0026641125,-0.00036168779,-0.00023408922,0.00114976399275,9.52686312791,0.127771088719,7.09749541266e-06,1.30818057435e-07,5.47977629202e-08,0.00114976399275,9.52686312791,0.127771088719,7.09749541266e-06,1.30818057435e-07,5.47977629202e-08
0.041598721,3.0973002,0.4000713,0.0026937482,-0.00027519954,-0.00012548165,0.041598721,3.0973002,0.4000713,0.0026937482,-0.00027519954,-0.00012548165,0.00173045358884,9.59326852892,0.160057045084,7.256279365e-06,7.57347868162e-08,1.57456444867e-08,0.00173045358884,9.59326852892,0.160057045084,7.256279365e-06,7.57347868162e-08,1.57456444867e-08
0.028948021,3.1050112,0.42305567,0.0027050114,-0.00025876005,-0.00025870137,0.028948021,3.1050112,0.42305567,0.0027050114,-0.00025876005,-0.00025870137,0.000837987919816,9.64109455213,0.178976099919,7.31708667413e-06,6.6956763476e-08,6.69263988399e-08,0.000837987919816,9.64109455213,0.178976099919,7.31708667413e-06,6.6956763476e-08,6.69263988399e-08
0.036783078,3.1062145,0.41762405,0.0024327533,-0.00013066291,-8.8187311e-05,0.036783078,3.1062145,0.41762405,0.0024327533,-0.00013066291,-8.8187311e-05,0.00135299482715,9.64856852001,0.174409847138,5.91828861866e-06,1.70727960497e-08,7.77700182141e-09,0.00135299482715,9.64856852001,0.174409847138,5.91828861866e-06,1.70727960497e-08,7.77700182141e-09
0.045112057,3.1211602,0.44797095,0.0019230617,-0.00010222268,-4.3795088e-05,0.045112057,3.1211602,0.44797095,0.0019230617,-0.00010222268,-4.3795088e-05,0.00203509768677,9.74164099406,0.200677972044,3.69816630201e-06,1.04494763064e-08,1.91800973293e-09,0.00203509768677,9.74164099406,0.200677972044,3.69816630201e-06,1.04494763064e-08,1.91800973293e-09
0.048176886,3.1291427,0.4602994,0.0013703013,5.0209082e-05,-0.00038108398,0.048176886,3.1291427,0.4602994,0.0013703013,5.0209082e-05,-0.00038108398,0.00232101234466,9.79153403696,0.21187553764,1.87772565278e-06,2.52095191528e-09,1.45224999813e-07,0.00232101234466,9.79153403696,0.21187553764,1.87772565278e-06,2.52095191528e-09,1.45224999813e-07
0.041960168,3.1451377,0.45386773,0.0015394553,6.9134713e-05,-0.0005003215,0.041960168,3.1451377,0.45386773,0.0015394553,6.9134713e-05,-0.0005003215,0.00176065569859,9.89189115196,0.205995916335,2.3699226207e-06,4.77960854159e-09,2.50321603362e-07,0.00176065569859,9.89189115196,0.205995916335,2.3699226207e-06,4.77960854159e-09,2.50321603362e-07
0.035247869,3.1605919,0.47635061,0.00083036645,1.6803856e-05,-0.00050851035,0.035247869,3.1605919,0.47635061,0.00083036645,1.6803856e-05,-0.00050851035,0.00124241226904,9.98934115835,0.226909903647,6.89508441286e-07,2.82369576469e-10,2.58582776057e-07,0.00124241226904,9.98934115835,0.226909903647,6.89508441286e-07,2.82369576469e-10,2.58582776057e-07
0.036011817,3.1933668,0.50758222,0.00058762373,-0.00010888604,-0.00035279401,0.036011817,3.1933668,0.50758222,0.00058762373,-0.00010888604,-0.00035279401,0.00129685096364,10.1975915193,0.25763971006,3.45301648059e-07,1.18561697069e-08,1.24463613492e-07,0.00129685096364,10.1975915193,0.25763971006,3.45301648059e-07,1.18561697069e-08,1.24463613492e-07
0.037040708,3.2109576,0.5008342,0.00073486891,-0.00022658382,-0.0004523665,0.037040708,3.2109576,0.5008342,0.00073486891,-0.00022658382,-0.0004523665,0.00137201404914,10.310248709,0.25083489589,5.40032314885e-07,5.13402274858e-08,2.04635450322e-07,0.00137201404914,10.310248709,0.25083489589,5.40032314885e-07,5.13402274858e-08,2.04635450322e-07
0.03558099,3.2235592,0.47286456,0.00095826115,-0.00012510466,-0.00056016186,0.03558099,3.2235592,0.47286456,0.00095826115,-0.00012510466,-0.00056016186,0.00126600684938,10.3913339159,0.223600892104,9.18264431599e-07,1.56511759537e-08,3.13781309399e-07,0.00126600684938,10.3913339159,0.223600892104,9.18264431599e-07,1.56511759537e-08,3.13781309399e-07
0.029909785,3.2801672,0.47573201,0.0005058058,-0.00023261968,-0.00066870242,0.029909785,3.2801672,0.47573201,0.0005058058,-0.00023261968,-0.00066870242,0.000894595238746,10.75949686,0.226320945339,2.55839507314e-07,5.41119155233e-08,4.47162926514e-07,0.000894595238746,10.75949686,0.226320945339,2.55839507314e-07,5.41119155233e-08,4.47162926514e-07
0.032686083,3.3297451,0.4793503,0.0002788367,-0.00045744146,-0.00069704728,0.032686083,3.3297451,0.4793503,0.0002788367,-0.00045744146,-0.00069704728,0.00106838002188,11.087202431,0.22977671011,7.77499052669e-08,2.09252689327e-07,4.85874910555e-07,0.00106838002188,11.087202431,0.22977671011,7.77499052669e-08,2.09252689327e-07,4.85874910555e-07
0.01885319,3.312536,0.48993808,0.00045938545,-0.00046482644,-0.00086903831,0.01885319,3.312536,0.48993808,0.00045938545,-0.00046482644,-0.00086903831,0.000355442773176,10.9728947513,0.240039322234,2.11034991672e-07,2.16063619323e-07,7.55227584248e-07,0.000355442773176,10.9728947513,0.240039322234,2.11034991672e-07,2.16063619323e-07,7.55227584248e-07
0.010441433,3.3327427,0.46637531,0.0011054169,-0.00061147921,-0.00094378122,0.010441433,3.3327427,0.46637531,0.0011054169,-0.00061147921,-0.00094378122,0.000109023523093,11.1071739044,0.217505929778,1.22194652281e-06,3.73906824262e-07,8.90722991225e-07,0.000109023523093,11.1071739044,0.217505929778,1.22194652281e-06,3.73906824262e-07,8.90722991225e-07
0.012379476,3.3692827,0.45616903,0.001401701,-0.00050648859,-0.00075776948,0.012379476,3.3692827,0.45616903,0.001401701,-0.00050648859,-0.00075776948,0.000153251426035,11.3520659125,0.208090183931,1.9647656934e-06,2.565306918e-07,5.74214584819e-07,0.000153251426035,11.3520659125,0.208090183931,1.9647656934e-06,2.565306918e-07,5.74214584819e-07
0.016300432,3.3849756,0.46527973,0.0010372763,-0.00059596448,-0.00082332913,0.016300432,3.3849756,0.46527973,0.0010372763,-0.00059596448,-0.00082332913,0.000265704083387,11.4580598126,0.216485227149,1.07594212254e-06,3.55173661422e-07,6.77870856307e-07,0.000265704083387,11.4580598126,0.216485227149,1.07594212254e-06,3.55173661422e-07,6.77870856307e-07
0.016451024,3.4054725,0.4695036,0.0010267811,-0.00065221539,-0.00093686072,0.016451024,3.4054725,0.4695036,0.0010267811,-0.00065221539,-0.00093686072,0.000270636190649,11.5972429483,0.220433630413,1.05427942732e-06,4.25384914953e-07,8.77708008679e-07,0.000270636190649,11.5972429483,0.220433630413,1.05427942732e-06,4.25384914953e-07,8.77708008679e-07
0.0081945872,3.4342392,0.42291571,0.0016823193,-0.00088713206,-0.0011475325,0.0081945872,3.4342392,0.42291571,0.0016823193,-0.00088713206,-0.0011475325,6.71512593784e-05,11.7939988828,0.178857697765,2.83019822715e-06,7.8700329188e-07,1.31683083856e-06,6.71512593784e-05,11.7939988828,0.178857697765,2.83019822715e-06,7.8700329188e-07,1.31683083856e-06
0.011150604,3.4757671,0.43821741,0.0016300882,-0.0010547508,-0.0011334301,0.011150604,3.4757671,0.43821741,0.0016300882,-0.0010547508,-0.0011334301,0.000124335969565,12.0809569334,0.192034498427,2.65718753978e-06,1.1124992501e-06,1.28466379159e-06,0.000124335969565,12.0809569334,0.192034498427,2.65718753978e-06,1.1124992501e-06,1.28466379159e-06
0.0069990838,3.4987908,0.45608162,0.0014939948,-0.00097913852,-0.0011058152,0.0069990838,3.4987908,0.45608162,0.0014939948,-0.00097913852,-0.0011058152,4.89871740394e-05,12.2415370622,0.208010444102,2.23202046243e-06,9.58712241348e-07,1.22282725655e-06,4.89871740394e-05,12.2415370622,0.208010444102,2.23202046243e-06,9.58712241348e-07,1.22282725655e-06
0.0073582187,3.501489,0.46407287,0.0017183962,-0.0009322968,-0.0011607981,0.0073582187,3.501489,0.46407287,0.0017183962,-0.0009322968,-0.0011607981,5.4143382437e-05,12.2604252171,0.21536362867,2.95288550017e-06,8.6917732329e-07,1.34745222896e-06,5.4143382437e-05,12.2604252171,0.21536362867,2.95288550017e-06,8.6917732329e-07,1.34745222896e-06
0.014051416,3.5368671,0.45475359,0.0017893693,-0.00076368259,-0.0009838446,0.014051416,3.5368671,0.45475359,0.0017893693,-0.00076368259,-0.0009838446,0.000197442291605,12.5094288831,0.206800827618,3.20184249178e-06,5.83211098269e-07,9.67950196949e-07,0.000197442291605,12.5094288831,0.206800827618,3.20184249178e-06,5.83211098269e-07,9.67950196949e-07
0.01315197,3.583013,0.45163065,0.00165496,-0.00092408309,-0.00075035606,0.01315197,3.583013,0.45163065,0.00165496,-0.00092408309,-0.00075035606,0.000172974314881,12.8379821582,0.203970244019,2.7388926016e-06,8.53929557224e-07,5.63034216779e-07,0.000172974314881,12.8379821582,0.203970244019,2.7388926016e-06,8.53929557224e-07,5.63034216779e-07
0.016831404,3.5831631,0.46703534,0.0013071407,-0.00078114094,-0.00088256899,0.016831404,3.5831631,0.46703534,0.0013071407,-0.00078114094,-0.00088256899,0.000283296160611,12.8390578012,0.218122008809,1.7086168096e-06,6.10181168144e-07,7.7892802211e-07,0.000283296160611,12.8390578012,0.218122008809,1.7086168096e-06,6.10181168144e-07,7.7892802211e-07
0.0078409756,3.6103202,0.46101783,0.0015426393,-0.0007515038,-0.0010035542,0.0078409756,3.6103202,0.46101783,0.0015426393,-0.0007515038,-0.0010035542,6.14808983598e-05,13.0344119465,0.212537439578,2.3797360099e-06,5.64757961414e-07,1.00712103234e-06,6.14808983598e-05,13.0344119465,0.212537439578,2.3797360099e-06,5.64757961414e-07,1.00712103234e-06
0.0077081386,3.6385105,0.44965134,0.0016279924,-0.00076955172,-0.00099322526,0.0077081386,3.6385105,0.44965134,0.0016279924,-0.00076955172,-0.00099322526,5.94154006768e-05,13.2387586586,0.202186327564,2.65035925446e-06,5.92209849755e-07,9.86496417102e-07,5.94154006768e-05,13.2387586586,0.202186327564,2.65035925446e-06,5.92209849755e-07,9.86496417102e-07
0.01598792,3.6630842,0.45298468,0.0015409917,-0.00089808237,-0.00092591849,0.01598792,3.6630842,0.45298468,0.0015409917,-0.00089808237,-0.00092591849,0.000255613585926,13.4181858563,0.205195120315,2.37465541947e-06,8.06551943305e-07,8.57325050124e-07,0.000255613585926,13.4181858563,0.205195120315,2.37465541947e-06,8.06551943305e-07,8.57325050124e-07
0.014271858,3.6971614,0.46000992,0.0013305645,-0.00086142438,-0.0010219431,0.014271858,3.6971614,0.46000992,0.0013305645,-0.00086142438,-0.0010219431,0.000203685930772,13.6690024176,0.211609126498,1.77040188866e-06,7.42051962458e-07,1.04436769964e-06,0.000203685930772,13.6690024176,0.211609126498,1.77040188866e-06,7.42051962458e-07,1.04436769964e-06
0.018765094,3.6971144,0.45564495,0.0023026923,-0.00081746879,-0.0010791062,0.018765094,3.6971144,0.45564495,0.0023026923,-0.00081746879,-0.0010791062,0.000352128752829,13.6686548867,0.207612320461,5.30239182848e-06,6.68255222624e-07,1.16447019088e-06,0.000352128752829,13.6686548867,0.207612320461,5.30239182848e-06,6.68255222624e-07,1.16447019088e-06
0.019789667,3.7323469,0.47036588,0.002360793,-0.00074457698,-0.0010127547,0.019789667,3.7323469,0.47036588,0.002360793,-0.00074457698,-0.0010127547,0.000391630919971,13.9304133819,0.221244061068,5.57334358885e-06,5.54394879146e-07,1.02567208237e-06,0.000391630919971,13.9304133819,0.221244061068,5.57334358885e-06,5.54394879146e-07,1.02567208237e-06
0.020623096,3.747987,0.46967302,0.0028565566,-0.00085934826,-0.00090996904,0.020623096,3.747987,0.46967302,0.0028565566,-0.00085934826,-0.00090996904,0.000425312088625,14.0474065522,0.220592745716,8.159915609e-06,7.38479431965e-07,8.28043653759e-07,0.000425312088625,14.0474065522,0.220592745716,8.159915609e-06,7.38479431965e-07,8.28043653759e-07
0.019585338,3.7668487,0.47389956,0.0024361689,-0.00088356428,-0.00077366256,0.019585338,3.7668487,0.47389956,0.0024361689,-0.00088356428,-0.00077366256,0.000383585464574,14.1891491287,0.224580792968,5.93491890933e-06,7.80685836892e-07,5.98553756746e-07,0.000383585464574,14.1891491287,0.224580792968,5.93491890933e-06,7.80685836892e-07,5.98553756746e-07
0.0199796,3.7939192,0.46776222,0.002236001,-0.00088979917,-0.00080605897,0.0199796,3.7939192,0.46776222,0.002236001,-0.00088979917,-0.00080605897,0.00039918441616,14.3938228961,0.218801494459,4.999700472e-06,7.91742562933e-07,6.49731063117e-07,0.00039918441616,14.3938228961,0.218801494459,4.999700472e-06,7.91742562933e-07,6.49731063117e-07
0.020251286,3.848855,0.4747668,0.001683032,-0.000854163,-0.00081641627,0.020251286,3.848855,0.4747668,0.001683032,-0.000854163,-0.00081641627,0.000410114584654,14.813684811,0.225403514382,2.83259671302e-06,7.29594430569e-07,6.66535525921e-07,0.000410114584654,14.813684811,0.225403514382,2.83259671302e-06,7.29594430569e-07,6.66535525921e-07
0.020904376,3.8640346,0.47299626,0.0018595886,-0.00092104494,-0.00073794778,0.020904376,3.8640346,0.47299626,0.0018595886,-0.00092104494,-0.00073794778,0.000436992935949,14.93076339,0.223725461974,3.45806976125e-06,8.483237815e-07,5.44566926007e-07,0.000436992935949,14.93076339,0.223725461974,3.45806976125e-06,8.483237815e-07,5.44566926007e-07
0.020175217,3.8553318,0.46565829,0.0021653186,-0.00098322875,-0.00064514129,0.020175217,3.8553318,0.46565829,0.0021653186,-0.00098322875,-0.00064514129,0.000407039380997,14.8635832881,0.216837643046,4.68860463951e-06,9.66738774827e-07,4.16207284063e-07,0.000407039380997,14.8635832881,0.216837643046,4.68860463951e-06,9.66738774827e-07,4.16207284063e-07
0.014348453,3.9038416,0.46891843,0.0019796808,-0.0009752755,-0.0007479227,0.014348453,3.9038416,0.46891843,0.0019796808,-0.0009752755,-0.0007479227,0.000205878103493,15.2399792379,0.219884493994,3.91913606989e-06,9.511623009e-07,5.59388365175e-07,0.000205878103493,15.2399792379,0.219884493994,3.91913606989e-06,9.511623009e-07,5.59388365175e-07
0.021172745,3.905892,0.48770553,0.0022556666,-0.00087254361,-0.00077507764,0.021172745,3.905892,0.48770553,0.0022556666,-0.00087254361,-0.00077507764,0.000448285130835,15.2559923157,0.237856683993,5.08803181036e-06,7.61332351352e-07,6.00745348028e-07,0.000448285130835,15.2559923157,0.237856683993,5.08803181036e-06,7.61332351352e-07,6.00745348028e-07
0.020955959,3.9162562,0.50108942,0.0023410799,-0.001038835,-0.00078111215,0.020955959,3.9162562,0.50108942,0.0023410799,-0.001038835,-0.00078111215,0.00043915221761,15.337062624,0.251090606836,5.48065509818e-06,1.07917815723e-06,6.10136190878e-07,0.00043915221761,15.337062624,0.251090606836,5.48065509818e-06,1.07917815723e-06,6.10136190878e-07
0.013792879,3.9330927,0.49820311,0.0029381154,-0.00091175438,-0.00089502551,0.013792879,3.9330927,0.49820311,0.0029381154,-0.00091175438,-0.00089502551,0.000190243511109,15.4692181868,0.248206338814,8.63252210372e-06,8.31296049449e-07,8.01070663551e-07,0.000190243511109,15.4692181868,0.248206338814,8.63252210372e-06,8.31296049449e-07,8.01070663551e-07
0.014589321,3.9867125,0.50711166,0.002252625,-0.0010005442,-0.0006246122,0.014589321,3.9867125,0.50711166,0.002252625,-0.0010005442,-0.0006246122,0.000212848287241,15.8938765577,0.257162235708,5.07431939062e-06,1.00108869615e-06,3.90140400389e-07,0.000212848287241,15.8938765577,0.257162235708,5.07431939062e-06,1.00108869615e-06,3.90140400389e-07
0.02444783,4.0328482,0.50066101,0.0018545213,-0.00092298593,-0.00051728769,0.02444783,4.0328482,0.50066101,0.0018545213,-0.00092298593,-0.00051728769,0.000597696391709,16.2638646042,0.250661446934,3.43924925215e-06,8.51903026978e-07,2.67586554226e-07,0.000597696391709,16.2638646042,0.250661446934,3.43924925215e-06,8.51903026978e-07,2.67586554226e-07
0.036286141,4.061902,0.50731537,0.0019836954,-0.00084971575,-0.0005105045,0.036286141,4.061902,0.50731537,0.0019836954,-0.00084971575,-0.0005105045,0.00131668402867,16.4990478576,0.257368884638,3.93504743998e-06,7.22016855798e-07,2.6061484452e-07,0.00131668402867,16.4990478576,0.257368884638,3.93504743998e-06,7.22016855798e-07,2.6061484452e-07
0.027713161,4.0533672,0.49818019,0.0019342436,-0.0010716702,-0.00066722034,0.027713161,4.0533672,0.49818019,0.0019342436,-0.0010716702,-0.00066722034,0.000768019292612,16.429785658,0.248183501708,3.74129830414e-06,1.14847701757e-06,4.4518298211e-07,0.000768019292612,16.429785658,0.248183501708,3.74129830414e-06,1.14847701757e-06,4.4518298211e-07
0.023401002,4.0816263,0.51530081,0.0019173252,-0.0009182198,-0.00077964665,0.023401002,4.0816263,0.51530081,0.0019173252,-0.0009182198,-0.00077964665,0.000547606894604,16.6596732529,0.265534924787,3.67613592256e-06,8.43127601112e-07,6.07848898856e-07,0.000547606894604,16.6596732529,0.265534924787,3.67613592256e-06,8.43127601112e-07,6.07848898856e-07
0.024061132,4.1066919,0.52063464,0.0020266388,-0.0008936856,-0.00073349721,0.024061132,4.1066919,0.52063464,0.0020266388,-0.0008936856,-0.00073349721,0.000578938073121,16.8649183615,0.271060428368,4.10726482567e-06,7.98673951647e-07,5.38018157078e-07,0.000578938073121,16.8649183615,0.271060428368,4.10726482567e-06,7.98673951647e-07,5.38018157078e-07
0.02523699,4.1171115,0.50573949,0.0024198033,-0.0007559671,-0.00074030967,0.02523699,4.1171115,0.50573949,0.0024198033,-0.0007559671,-0.00074030967,0.00063690566426,16.9506071034,0.255772431745,5.85544801069e-06,5.71486256282e-07,5.48058407496e-07,0.00063690566426,16.9506071034,0.255772431745,5.85544801069e-06,5.71486256282e-07,5.48058407496e-07
0.022130669,4.1324124,0.48793598,0.0023340004,-0.00081454165,-0.00071415698,0.022130669,4.1324124,0.48793598,0.0023340004,-0.00081454165,-0.00071415698,0.000489766510388,17.0768322437,0.238081520579,5.4475578672e-06,6.63478099585e-07,5.10020192083e-07,0.000489766510388,17.0768322437,0.238081520579,5.4475578672e-06,6.63478099585e-07,5.10020192083e-07
0.01901143,4.1856646,0.5019235,0.00209598,-0.00082051513,-0.00065979332,0.01901143,4.1856646,0.5019235,0.00209598,-0.00082051513,-0.00065979332,0.000361434470645,17.5197881437,0.251927199852,4.3931321604e-06,6.73245078559e-07,4.35327225117e-07,0.000361434470645,17.5197881437,0.251927199852,4.3931321604e-06,6.73245078559e-07,4.35327225117e-07
0.016612126,4.2014884,0.49776414,0.0022307485,-0.00087403084,-0.00089136749,0.016612126,4.2014884,0.49776414,0.0022307485,-0.00087403084,-0.00089136749,0.00027596273024,17.6525047753,0.24776913907,4.97623887025e-06,7.63929909271e-07,7.94536002229e-07,0.00027596273024,17.6525047753,0.24776913907,4.97623887025e-06,7.63929909271e-07,7.94536002229e-07
0.015826125,4.2125173,0.47503116,0.0025389259,-0.00087636249,-0.0011080699,0.015826125,4.2125173,0.47503116,0.0025389259,-0.00087636249,-0.0011080699,0.000250466232516,17.7453020028,0.225654602971,6.44614472569e-06,7.68011213879e-07,1.22781890329e-06,0.000250466232516,17.7453020028,0.225654602971,6.44614472569e-06,7.68011213879e-07,1.22781890329e-06
0.0081677355,4.2577644,0.4669573,0.0021803288,-0.00082019719,-0.0011417336,0.0081677355,4.2577644,0.4669573,0.0021803288,-0.00082019719,-0.0011417336,6.6711903198e-05,18.1285576859,0.218049120023,4.75383367611e-06,6.72723430484e-07,1.30355561337e-06,6.6711903198e-05,18.1285576859,0.218049120023,4.75383367611e-06,6.72723430484e-07,1.30355561337e-06
